p0	p1	p2	p3	p4	p5	p6	p7	p8	p9	p10	p11	p12	p13	p14	p15	p16	p17	p18	p19	p20	p21	p22	p23	p24	p25	p26	p27	p28	p29	p30	p31	p32	p33	p34	p35
45.00000000	45.00000000	45.00000000	45.00000000	45.00000001	45.00000000	45.00000000	45.00000000	45.00000000	45.00000005	45.00000084	45.00000005	45.00000000	45.00000000	45.00000008	45.00000252	45.00004308	45.00000260	45.00000000	45.00000005	45.00000252	45.00008604	45.00167544	45.00008857	45.00000001	45.00000084	45.00004308	45.00167544	45.04503173	45.00171850	45.00000000	45.00000005	45.00000260	45.00008857	45.00171850	45.00009117
45.00000000	45.00000000	45.00000000	45.00000004	45.00000030	45.00000004	45.00000000	45.00000000	45.00000008	45.00000116	45.00000901	45.00000124	45.00000000	45.00000008	45.00000174	45.00002682	45.00021458	45.00002855	45.00000004	45.00000116	45.00002682	45.00042674	45.00353359	45.00045352	45.00000030	45.00000901	45.00021458	45.00353359	45.03036436	45.00374786	45.00000004	45.00000124	45.00002855	45.00045352	45.00374786	45.00048203
45.00000000	45.00000000	45.00000003	45.00000029	45.00000145	45.00000032	45.00000000	45.00000004	45.00000056	45.00000545	45.00002715	45.00000601	45.00000003	45.00000056	45.00000814	45.00007995	45.00040339	45.00008805	45.00000029	45.00000545	45.00007995	45.00079529	45.00406438	45.00087494	45.00000145	45.00002715	45.00040339	45.00406438	45.02104139	45.00446633	45.00000032	45.00000601	45.00008805	45.00087494	45.00446633	45.00096267
45.00000000	45.00000001	45.00000015	45.00000104	45.00000380	45.00000118	45.00000001	45.00000018	45.00000194	45.00001384	45.00005103	45.00001577	45.00000015	45.00000194	45.00002062	45.00014784	45.00054851	45.00016831	45.00000104	45.00001384	45.00014784	45.00106731	45.00398546	45.00121412	45.00000380	45.00005103	45.00054851	45.00398546	45.01498051	45.00453017	45.00000118	45.00001577	45.00016831	45.00121412	45.00453017	45.00138125
45.00000001	45.00000005	45.00000044	45.00000248	45.00000732	45.00000292	45.00000005	45.00000055	45.00000455	45.00002568	45.00007602	45.00003018	45.00000044	45.00000455	45.00003807	45.00021550	45.00064039	45.00025312	45.00000248	45.00002568	45.00021550	45.00122492	45.00365463	45.00143793	45.00000732	45.00007602	45.00064039	45.00365463	45.01095253	45.00428771	45.00000292	45.00003018	45.00025312	45.00143793	45.00428771	45.00168813
45.00000002	45.00000015	45.00000100	45.00000469	45.00001174	45.00000568	45.00000015	45.00000122	45.00000843	45.00003948	45.00009900	45.00004777	45.00000100	45.00000843	45.00005819	45.00027329	45.00068703	45.00033048	45.00000469	45.00003948	45.00027329	45.00128718	45.00324534	45.00155578	45.00001174	45.00009900	45.00068703	45.00324534	45.00821492	45.00392063	45.00000568	45.00004777	45.00033048	45.00155578	45.00392063	45.00188058
45.00000005	45.00000032	45.00000189	45.00000760	45.00001672	45.00000944	45.00000032	45.00000227	45.00001334	45.00005370	45.00011838	45.00006672	45.00000189	45.00001334	45.00007860	45.00031697	45.00070018	45.00039367	45.00000760	45.00005370	45.00031697	45.00128118	45.00283747	45.00159055	45.00001672	45.00011838	45.00070018	45.00283747	45.00631199	45.00352093	45.00000944	45.00006672	45.00039367	45.00159055	45.00352093	45.00197477
45.00000010	45.00000061	45.00000312	45.00001103	45.00002194	45.00001404	45.00000061	45.00000368	45.00001891	45.00006706	45.00013363	45.00008537	45.00000312	45.00001891	45.00009739	45.00034592	45.00069051	45.00044019	45.00001103	45.00006706	45.00034592	45.00123121	45.00246431	45.00156610	45.00002194	45.00013363	45.00069051	45.00246431	45.00495948	45.00313287	45.00001404	45.00008537	45.00044019	45.00156610	45.00313287	45.00199225
45.00000019	45.00000102	45.00000464	45.00001477	45.00002713	45.00001922	45.00000102	45.00000540	45.00002472	45.00007874	45.00014484	45.00010245	45.00000464	45.00002472	45.00011335	45.00036158	45.00066626	45.00047029	45.00001477	45.00007874	45.00036158	45.00115593	45.00213655	45.00150275	45.00002713	45.00014484	45.00066626	45.00213655	45.00397705	45.00277567	45.00001922	45.00010245	45.00047029	45.00150275	45.00277567	45.00195381
45.00000033	45.00000155	45.00000641	45.00001861	45.00003208	45.00002470	45.00000155	45.00000735	45.00003039	45.00008830	45.00015240	45.00011714	45.00000641	45.00003039	45.00012587	45.00036628	45.00063337	45.00048574	45.00001861	45.00008830	45.00036628	45.00106843	45.00185449	45.00141610	45.00003208	45.00015240	45.00063337	45.00185449	45.00324829	45.00245577	45.00002470	45.00011714	45.00048574	45.00141610	45.00245577	45.00187713
45.00000052	45.00000221	45.00000835	45.00002236	45.00003664	45.00003019	45.00000221	45.00000942	45.00003562	45.00009558	45.00015679	45.00012899	45.00000835	45.00003562	45.00013485	45.00036251	45.00059594	45.00048900	45.00002236	45.00009558	45.00036251	45.00097731	45.00161414	45.00131745	45.00003664	45.00015679	45.00059594	45.00161414	45.00269680	45.00217342	45.00003019	45.00012899	45.00048900	45.00131745	45.00217342	45.00177625
45.00000077	45.00000297	45.00001035	45.00002588	45.00004071	45.00003547	45.00000297	45.00001152	45.00004019	45.00010067	45.00015855	45.00013789	45.00001035	45.00004019	45.00014047	45.00035255	45.00055667	45.00048267	45.00002588	45.00010067	45.00035255	45.00088793	45.00141010	45.00121459	45.00004071	45.00015855	45.00055667	45.00141010	45.00227153	45.00192603	45.00003547	45.00013789	45.00048267	45.00121459	45.00192603	45.00166179
45.00000107	45.00000381	45.00001234	45.00002906	45.00004423	45.00004033	45.00000381	45.00001355	45.00004400	45.00010376	45.00015817	45.00014395	45.00001234	45.00004400	45.00014313	45.00033837	45.00051733	45.00046916	45.00002906	45.00010376	45.00033837	45.00080335	45.00123693	45.00111265	45.00004423	45.00015817	45.00051733	45.00123693	45.00193782	45.00171000	45.00004033	45.00014395	45.00046916	45.00111265	45.00171000	45.00154147
45.00000143	45.00000469	45.00001425	45.00003183	45.00004717	45.00004466	45.00000469	45.00001544	45.00004699	45.00010512	45.00015607	45.00014742	45.00001425	45.00004699	45.00014331	45.00032152	45.00047904	45.00045057	45.00003183	45.00010512	45.00032152	45.00072515	45.00108969	45.00101483	45.00004717	45.00015607	45.00047904	45.00108969	45.00167174	45.00152154	45.00004466	45.00014742	45.00045057	45.00101483	45.00152154	45.00142073
45.00000183	45.00000559	45.00001602	45.00003415	45.00004952	45.00004834	45.00000559	45.00001714	45.00004918	45.00010503	45.00015264	45.00014862	45.00001602	45.00004918	45.00014148	45.00030319	45.00044248	45.00042865	45.00003415	45.00010503	45.00030319	45.00065393	45.00096415	45.00092296	45.00004952	45.00015264	45.00044248	45.00096415	45.00145649	45.00135706	45.00004834	45.00014862	45.00042865	45.00092296	45.00135706	45.00130325
45.00000226	45.00000649	45.00001761	45.00003601	45.00005131	45.00005136	45.00000649	45.00001861	45.00005063	45.00010377	45.00014821	45.00014791	45.00001761	45.00005063	45.00013811	45.00028428	45.00040802	45.00040477	45.00003601	45.00010377	45.00028428	45.00058974	45.00085671	45.00083799	45.00005131	45.00014821	45.00040802	45.00085671	45.00128007	45.00121338	45.00005136	45.00014791	45.00040477	45.00083799	45.00121338	45.00119138
45.00000273	45.00000735	45.00001899	45.00003743	45.00005256	45.00005370	45.00000735	45.00001984	45.00005139	45.00010159	45.00014304	45.00014564	45.00001899	45.00005139	45.00013360	45.00026542	45.00037584	45.00038001	45.00003743	45.00010159	45.00026542	45.00053227	45.00076444	45.00076024	45.00005256	45.00014304	45.00037584	45.00076444	45.00113381	45.00108767	45.00005370	45.00014564	45.00038001	45.00076024	45.00108767	45.00108653
45.00000320	45.00000815	45.00002015	45.00003843	45.00005331	45.00005538	45.00000815	45.00002081	45.00005157	45.00009872	45.00013736	45.00014214	45.00002015	45.00005157	45.00012829	45.00024704	45.00034602	45.00035517	45.00003843	45.00009872	45.00024704	45.00048105	45.00068488	45.00068964	45.00005331	45.00013736	45.00034602	45.00068488	45.00101132	45.00097754	45.00005538	45.00014214	45.00035517	45.00068964	45.00097754	45.00098940
45.00000367	45.00000889	45.00002107	45.00003904	45.00005360	45.00005644	45.00000889	45.00002155	45.00005125	45.00009534	45.00013136	45.00013771	45.00002107	45.00005125	45.00012247	45.00022944	45.00031853	45.00033083	45.00003904	45.00009534	45.00022944	45.00043553	45.00061605	45.00062590	45.00005360	45.00013136	45.00031853	45.00061605	45.00090782	45.00088091	45.00005644	45.00013771	45.00033083	45.00062590	45.00088091	45.00090025
45.00000414	45.00000954	45.00002178	45.00003931	45.00005350	45.00005694	45.00000954	45.00002206	45.00005053	45.00009163	45.00012519	45.00013261	45.00002178	45.00005053	45.00011637	45.00021280	45.00029329	45.00030739	45.00003931	45.00009163	45.00021280	45.00039513	45.00055629	45.00056859	45.00005350	45.00012519	45.00029329	45.00055629	45.00081971	45.00079601	45.00005694	45.00013261	45.00030739	45.00056859	45.00079601	45.00081899
45.00000458	45.00001011	45.00002227	45.00003926	45.00005303	45.00005695	45.00001011	45.00002236	45.00004947	45.00008770	45.00011898	45.00012706	45.00002227	45.00004947	45.00011018	45.00019721	45.00027019	45.00028510	45.00003926	45.00008770	45.00019721	45.00035931	45.00050424	45.00051722	45.00005303	45.00011898	45.00027019	45.00050424	45.00074420	45.00072132	45.00005695	45.00012706	45.00028510	45.00051722	45.00072132	45.00074533
45.00000500	45.00001058	45.00002257	45.00003896	45.00005227	45.00005653	45.00001058	45.00002248	45.00004817	45.00008366	45.00011281	45.00012124	45.00002257	45.00004817	45.00010401	45.00018272	45.00024912	45.00026414	45.00003896	45.00008366	45.00018272	45.00032757	45.00045878	45.00047128	45.00005227	45.00011281	45.00024912	45.00045878	45.00067913	45.00065555	45.00005653	45.00012124	45.00026414	45.00047128	45.00065555	45.00067885
45.00000538	45.00001097	45.00002269	45.00003843	45.00005126	45.00005573	45.00001097	45.00002243	45.00004667	45.00007960	45.00010676	45.00011531	45.00002269	45.00004667	45.00009799	45.00016931	45.00022993	45.00024459	45.00003843	45.00007960	45.00016931	45.00029942	45.00041898	45.00043026	45.00005126	45.00010676	45.00022993	45.00041898	45.00062277	45.00059756	45.00005573	45.00011531	45.00024459	45.00043026	45.00059756	45.00061906
45.00000573	45.00001126	45.00002266	45.00003771	45.00005004	45.00005464	45.00001126	45.00002224	45.00004505	45.00007559	45.00010090	45.00010936	45.00002266	45.00004505	45.00009217	45.00015698	45.00021249	45.00022647	45.00003771	45.00007559	45.00015698	45.00027446	45.00038404	45.00039368	45.00005004	45.00010090	45.00021249	45.00038404	45.00057376	45.00054639	45.00005464	45.00010936	45.00022647	45.00039368	45.00054639	45.00056544
45.00000603	45.00001147	45.00002249	45.00003685	45.00004865	45.00005331	45.00001147	45.00002194	45.00004333	45.00007166	45.00009526	45.00010351	45.00002249	45.00004333	45.00008661	45.00014567	45.00019666	45.00020976	45.00003685	45.00007166	45.00014567	45.00025231	45.00035331	45.00036108	45.00004865	45.00009526	45.00019666	45.00035331	45.00053099	45.00050121	45.00005331	45.00010351	45.00020976	45.00036108	45.00050121	45.00051746
45.00000629	45.00001161	45.00002221	45.00003586	45.00004715	45.00005178	45.00001161	45.00002154	45.00004157	45.00006785	45.00008986	45.00009781	45.00002221	45.00004157	45.00008134	45.00013532	45.00018232	45.00019443	45.00003586	45.00006785	45.00013532	45.00023265	45.00032623	45.00033204	45.00004715	45.00008986	45.00018232	45.00032623	45.00049354	45.00046129	45.00005178	45.00009781	45.00019443	45.00033204	45.00046129	45.00047460
45.00000651	45.00001167	45.00002183	45.00003479	45.00004555	45.00005012	45.00001167	45.00002106	45.00003980	45.00006420	45.00008474	45.00009232	45.00002183	45.00003980	45.00007638	45.00012588	45.00016934	45.00018040	45.00003479	45.00006420	45.00012588	45.00021517	45.00030233	45.00030619	45.00004555	45.00008474	45.00016934	45.00030233	45.00046068	45.00042599	45.00005012	45.00009232	45.00018040	45.00030619	45.00042599	45.00043638
45.00000668	45.00001166	45.00002137	45.00003366	45.00004390	45.00004835	45.00001166	45.00002053	45.00003804	45.00006071	45.00007990	45.00008708	45.00002137	45.00003804	45.00007173	45.00011728	45.00015759	45.00016760	45.00003366	45.00006071	45.00011728	45.00019963	45.00028120	45.00028317	45.00004390	45.00007990	45.00015759	45.00028120	45.00043177	45.00039476	45.00004835	45.00008708	45.00016760	45.00028317	45.00039476	45.00040233
45.00000681	45.00001160	45.00002085	45.00003248	45.00004221	45.00004653	45.00001160	45.00001995	45.00003631	45.00005740	45.00007535	45.00008210	45.00002085	45.00003631	45.00006739	45.00010945	45.00014698	45.00015596	45.00003248	45.00005740	45.00010945	45.00018580	45.00026250	45.00026269	45.00004221	45.00007535	45.00014698	45.00026250	45.00040628	45.00036712	45.00004653	45.00008210	45.00015596	45.00026269	45.00036712	45.00037203
45.00000690	45.00001149	45.00002029	45.00003128	45.00004052	45.00004467	45.00001149	45.00001934	45.00003462	45.00005428	45.00007108	45.00007740	45.00002029	45.00003462	45.00006336	45.00010235	45.00013739	45.00014540	45.00003128	45.00005428	45.00010235	45.00017348	45.00024592	45.00024447	45.00004052	45.00007108	45.00013739	45.00024592	45.00038378	45.00034265	45.00004467	45.00007740	45.00014540	45.00024447	45.00034265	45.00034508
45.00000695	45.00001134	45.00001968	45.00003008	45.00003884	45.00004281	45.00001134	45.00001871	45.00003299	45.00005135	45.00006710	45.00007299	45.00001968	45.00003299	45.00005963	45.00009590	45.00012874	45.00013582	45.00003008	45.00005135	45.00009590	45.00016251	45.00023122	45.00022824	45.00003884	45.00006710	45.00012874	45.00023122	45.00036387	45.00032096	45.00004281	45.00007299	45.00013582	45.00022824	45.00032096	45.00032113
45.00000696	45.00001115	45.00001906	45.00002888	45.00003718	45.00004097	45.00001115	45.00001807	45.00003143	45.00004860	45.00006339	45.00006886	45.00001906	45.00003143	45.00005619	45.00009006	45.00012093	45.00012715	45.00002888	45.00004860	45.00009006	45.00015272	45.00021816	45.00021380	45.00003718	45.00006339	45.00012093	45.00021816	45.00034624	45.00030175	45.00004097	45.00006886	45.00012715	45.00021380	45.00030175	45.00029985
45.00000695	45.00001093	45.00001842	45.00002770	45.00003557	45.00003917	45.00001093	45.00001742	45.00002994	45.00004603	45.00005994	45.00006502	45.00001842	45.00002994	45.00005301	45.00008476	45.00011389	45.00011931	45.00002770	45.00004603	45.00008476	45.00014399	45.00020656	45.00020095	45.00003557	45.00005994	45.00011389	45.00020656	45.00033060	45.00028471	45.00003917	45.00006502	45.00011931	45.00020095	45.00028471	45.00028096
45.00000691	45.00001069	45.00001778	45.00002655	45.00003400	45.00003741	45.00001069	45.00001678	45.00002852	45.00004363	45.00005674	45.00006145	45.00001778	45.00002852	45.00005009	45.00007996	45.00010754	45.00011223	45.00002655	45.00004363	45.00007996	45.00013619	45.00019624	45.00018950	45.00003400	45.00005674	45.00010754	45.00019624	45.00031672	45.00026959	45.00003741	45.00006145	45.00011223	45.00018950	45.00026959	45.00026418
45.00000684	45.00001043	45.00001714	45.00002543	45.00003249	45.00003572	45.00001043	45.00001616	45.00002718	45.00004141	45.00005379	45.00005814	45.00001714	45.00002718	45.00004740	45.00007562	45.00010182	45.00010584	45.00002543	45.00004141	45.00007562	45.00012923	45.00018705	45.00017931	45.00003249	45.00005379	45.00010182	45.00018705	45.00030438	45.00025618	45.00003572	45.00005814	45.00010584	45.00017931	45.00025618	45.00024929
45.00000676	45.00001016	45.00001651	45.00002436	45.00003105	45.00003410	45.00001016	45.00001554	45.00002591	45.00003934	45.00005106	45.00005508	45.00001651	45.00002591	45.00004494	45.00007170	45.00009667	45.00010009	45.00002436	45.00003934	45.00007170	45.00012301	45.00017887	45.00017024	45.00003105	45.00005106	45.00009667	45.00017887	45.00029339	45.00024428	45.00003410	45.00005508	45.00010009	45.00017024	45.00024428	45.00023607
45.00000666	45.00000988	45.00001589	45.00002332	45.00002967	45.00003255	45.00000988	45.00001495	45.00002472	45.00003743	45.00004855	45.00005226	45.00001589	45.00002472	45.00004269	45.00006815	45.00009203	45.00009490	45.00002332	45.00003743	45.00006815	45.00011745	45.00017157	45.00016216	45.00002967	45.00004855	45.00009203	45.00017157	45.00028360	45.00023371	45.00003255	45.00005226	45.00009490	45.00016216	45.00023371	45.00022435
45.00000654	45.00000959	45.00001528	45.00002234	45.00002836	45.00003107	45.00000959	45.00001437	45.00002361	45.00003567	45.00004624	45.00004967	45.00001528	45.00002361	45.00004063	45.00006494	45.00008785	45.00009023	45.00002234	45.00003567	45.00006494	45.00011248	45.00016507	45.00015496	45.00002836	45.00004624	45.00008785	45.00016507	45.00027487	45.00022433	45.00003107	45.00004967	45.00009023	45.00015496	45.00022433	45.00021394
45.00000641	45.00000930	45.00001470	45.00002140	45.00002713	45.00002968	45.00000930	45.00001382	45.00002257	45.00003404	45.00004411	45.00004729	45.00001470	45.00002257	45.00003874	45.00006204	45.00008408	45.00008602	45.00002140	45.00003404	45.00006204	45.00010803	45.00015926	45.00014854	45.00002713	45.00004411	45.00008408	45.00015926	45.00026708	45.00021599	45.00002968	45.00004729	45.00008602	45.00014854	45.00021599	45.00020470
45.00000627	45.00000901	45.00001414	45.00002051	45.00002596	45.00002837	45.00000901	45.00001329	45.00002160	45.00003254	45.00004217	45.00004510	45.00001414	45.00002160	45.00003702	45.00005942	45.00008069	45.00008224	45.00002051	45.00003254	45.00005942	45.00010405	45.00015408	45.00014282	45.00002596	45.00004217	45.00008069	45.00015408	45.00026011	45.00020857	45.00002837	45.00004510	45.00008224	45.00014282	45.00020857	45.00019651
45.00000612	45.00000873	45.00001360	45.00001967	45.00002487	45.00002714	45.00000873	45.00001279	45.00002069	45.00003116	45.00004038	45.00004310	45.00001360	45.00002069	45.00003545	45.00005705	45.00007764	45.00007884	45.00001967	45.00003116	45.00005705	45.00010049	45.00014945	45.00013773	45.00002487	45.00004038	45.00007764	45.00014945	45.00025388	45.00020198	45.00002714	45.00004310	45.00007884	45.00013773	45.00020198	45.00018923
45.00000597	45.00000845	45.00001309	45.00001888	45.00002384	45.00002599	45.00000845	45.00001231	45.00001985	45.00002989	45.00003875	45.00004127	45.00001309	45.00001985	45.00003402	45.00005491	45.00007490	45.00007578	45.00001888	45.00002989	45.00005491	45.00009730	45.00014531	45.00013318	45.00002384	45.00003875	45.00007490	45.00014531	45.00024829	45.00019611	45.00002599	45.00004127	45.00007578	45.00013318	45.00019611	45.00018277
45.00000582	45.00000818	45.00001260	45.00001814	45.00002289	45.00002491	45.00000818	45.00001185	45.00001908	45.00002873	45.00003726	45.00003960	45.00001260	45.00001908	45.00003272	45.00005298	45.00007243	45.00007303	45.00001814	45.00002873	45.00005298	45.00009444	45.00014161	45.00012913	45.00002289	45.00003726	45.00007243	45.00014161	45.00024328	45.00019089	45.00002491	45.00003960	45.00007303	45.00012913	45.00019089	45.00017704
45.00000566	45.00000791	45.00001214	45.00001744	45.00002199	45.00002391	45.00000791	45.00001143	45.00001836	45.00002766	45.00003589	45.00003808	45.00001214	45.00001836	45.00003153	45.00005124	45.00007021	45.00007056	45.00001744	45.00002766	45.00005124	45.00009188	45.00013831	45.00012552	45.00002199	45.00003589	45.00007021	45.00013831	45.00023878	45.00018624	45.00002391	45.00003808	45.00007056	45.00012552	45.00018624	45.00017195
45.00000551	45.00000766	45.00001171	45.00001680	45.00002117	45.00002298	45.00000766	45.00001102	45.00001769	45.00002668	45.00003465	45.00003669	45.00001171	45.00001769	45.00003045	45.00004967	45.00006821	45.00006835	45.00001680	45.00002668	45.00004967	45.00008959	45.00013534	45.00012230	45.00002117	45.00003465	45.00006821	45.00013534	45.00023473	45.00018210	45.00002298	45.00003669	45.00006835	45.00012230	45.00018210	45.00016743
45.00000536	45.00000741	45.00001130	45.00001619	45.00002040	45.00002212	45.00000741	45.00001065	45.00001707	45.00002579	45.00003352	45.00003542	45.00001130	45.00001707	45.00002947	45.00004826	45.00006641	45.00006636	45.00001619	45.00002579	45.00004826	45.00008753	45.00013269	45.00011942	45.00002040	45.00003352	45.00006641	45.00013269	45.00023109	45.00017841	45.00002212	45.00003542	45.00006636	45.00011942	45.00017841	45.00016342
45.00000521	45.00000718	45.00001091	45.00001563	45.00001969	45.00002133	45.00000718	45.00001029	45.00001651	45.00002497	45.00003248	45.00003427	45.00001091	45.00001651	45.00002858	45.00004698	45.00006480	45.00006457	45.00001563	45.00002497	45.00004698	45.00008569	45.00013031	45.00011686	45.00001969	45.00003248	45.00006480	45.00013031	45.00022780	45.00017512	45.00002133	45.00003427	45.00006457	45.00011686	45.00017512	45.00015986
45.00000506	45.00000695	45.00001055	45.00001511	45.00001903	45.00002059	45.00000695	45.00000996	45.00001598	45.00002423	45.00003155	45.00003323	45.00001055	45.00001598	45.00002777	45.00004583	45.00006334	45.00006297	45.00001511	45.00002423	45.00004583	45.00008404	45.00012818	45.00011457	45.00001903	45.00003155	45.00006334	45.00012818	45.00022483	45.00017218	45.00002059	45.00003323	45.00006297	45.00011457	45.00017218	45.00015669
45.00000492	45.00000674	45.00001021	45.00001463	45.00001842	45.00001992	45.00000674	45.00000965	45.00001550	45.00002355	45.00003069	45.00003228	45.00001021	45.00001550	45.00002703	45.00004479	45.00006204	45.00006153	45.00001463	45.00002355	45.00004479	45.00008256	45.00012627	45.00011252	45.00001842	45.00003069	45.00006204	45.00012627	45.00022214	45.00016956	45.00001992	45.00003228	45.00006153	45.00011252	45.00016956	45.00015387
45.00000478	45.00000654	45.00000990	45.00001419	45.00001787	45.00001930	45.00000654	45.00000936	45.00001506	45.00002293	45.00002992	45.00003142	45.00000990	45.00001506	45.00002637	45.00004386	45.00006086	45.00006024	45.00001419	45.00002293	45.00004386	45.00008123	45.00012455	45.00011070	45.00001787	45.00002992	45.00006086	45.00012455	45.00021971	45.00016721	45.00001930	45.00003142	45.00006024	45.00011070	45.00016721	45.00015137
