p0	p1	p2	p3	p4	p5	p6	p7	p8	p9	p10	p11	p12	p13	p14	p15	p16	p17	p18	p19	p20	p21	p22	p23	p24	p25	p26	p27	p28	p29	p30	p31	p32	p33	p34	p35
45.00000000	45.00000000	45.00000000	45.00000000	45.00000000	45.00000001	45.00000000	45.00000000	45.00000000	45.00000000	45.00000005	45.00000090	45.00000000	45.00000000	45.00000000	45.00000008	45.00000260	45.00004560	45.00000000	45.00000000	45.00000005	45.00000258	45.00008857	45.00176143	45.00000000	45.00000001	45.00000086	45.00004392	45.00171850	45.04670633	45.00000000	45.00000000	45.00000006	45.00000266	45.00009117	45.00180701
45.00000000	45.00000000	45.00000000	45.00000000	45.00000004	45.00000034	45.00000000	45.00000000	45.00000000	45.00000008	45.00000124	45.00001016	45.00000000	45.00000000	45.00000008	45.00000181	45.00002855	45.00024131	45.00000000	45.00000004	45.00000120	45.00002798	45.00045352	45.00395913	45.00000001	45.00000030	45.00000930	45.00022357	45.00374786	45.03388865	45.00000000	45.00000004	45.00000128	45.00002979	45.00048203	45.00420010
45.00000000	45.00000000	45.00000000	45.00000003	45.00000032	45.00000174	45.00000000	45.00000000	45.00000004	45.00000060	45.00000601	45.00003255	45.00000000	45.00000003	45.00000059	45.00000870	45.00008805	45.00048275	45.00000001	45.00000029	45.00000573	45.00008538	45.00087494	45.00485394	45.00000006	45.00000145	45.00002853	45.00043048	45.00446633	45.02507724	45.00000001	45.00000032	45.00000632	45.00009405	45.00096267	45.00533496
45.00000000	45.00000000	45.00000002	45.00000016	45.00000118	45.00000482	45.00000000	45.00000001	45.00000020	45.00000213	45.00001577	45.00006468	45.00000001	45.00000015	45.00000208	45.00002255	45.00016831	45.00069427	45.00000006	45.00000104	45.00001482	45.00016163	45.00121412	45.00503795	45.00000022	45.00000380	45.00005461	45.00059932	45.00453017	45.01891135	45.00000007	45.00000118	45.00001688	45.00018401	45.00138125	45.00572740
45.00000000	45.00000001	45.00000006	45.00000049	45.00000292	45.00000974	45.00000000	45.00000005	45.00000060	45.00000510	45.00003018	45.00010110	45.00000003	45.00000044	45.00000496	45.00004259	45.00025312	45.00085092	45.00000019	45.00000248	45.00002797	45.00024099	45.00143793	45.00485157	45.00000055	45.00000732	45.00008278	45.00071586	45.00428771	45.01452436	45.00000022	45.00000292	45.00003288	45.00028308	45.00168813	45.00569276
45.00000000	45.00000002	45.00000016	45.00000115	45.00000568	45.00001627	45.00000001	45.00000015	45.00000136	45.00000964	45.00004777	45.00013712	45.00000009	45.00000100	45.00000934	45.00006653	45.00033048	45.00095098	45.00000044	45.00000469	45.00004374	45.00031234	45.00155578	45.00448878	45.00000109	45.00001174	45.00010964	45.00078493	45.00392063	45.01135058	45.00000053	45.00000568	45.00005292	45.00037771	45.00188058	45.00542349
45.00000001	45.00000005	45.00000036	45.00000221	45.00000944	45.00002395	45.00000004	45.00000032	45.00000256	45.00001558	45.00006672	45.00016952	45.00000021	45.00000189	45.00001502	45.00009173	45.00039367	45.00100212	45.00000084	45.00000760	45.00006045	45.00036982	45.00159055	45.00405819	45.00000184	45.00001672	45.00013325	45.00081672	45.00352093	45.00901617	45.00000104	45.00000944	45.00007512	45.00045935	45.00197477	45.00503635
45.00000001	45.00000010	45.00000069	45.00000371	45.00001404	45.00003227	45.00000008	45.00000061	45.00000421	45.00002252	45.00008537	45.00019649	45.00000040	45.00000312	45.00002163	45.00011591	45.00044019	45.00101479	45.00000141	45.00001103	45.00007668	45.00041157	45.00156610	45.00361884	45.00000281	45.00002194	45.00015277	45.00082133	45.00313287	45.00727097	45.00000180	45.00001404	45.00009761	45.00052376	45.00199226	45.00460135
45.00000003	45.00000019	45.00000118	45.00000563	45.00001922	45.00004072	45.00000015	45.00000102	45.00000627	45.00002998	45.00010245	45.00021732	45.00000068	45.00000464	45.00002869	45.00013740	45.00047029	45.00099915	45.00000215	45.00001477	45.00009136	45.00043817	45.00150275	45.00320110	45.00000395	45.00002713	45.00016802	45.00080715	45.00277567	45.00594549	45.00000280	45.00001922	45.00011887	45.00056994	45.00195381	45.00415952
45.00000005	45.00000033	45.00000183	45.00000791	45.00002470	45.00004886	45.00000025	45.00000155	45.00000865	45.00003749	45.00011714	45.00023205	45.00000105	45.00000641	45.00003576	45.00015521	45.00048574	45.00096389	45.00000304	45.00001861	45.00010386	45.00045153	45.00141610	45.00281903	45.00000524	45.00003208	45.00017923	45.00078053	45.00245577	45.00492345	45.00000404	45.00002470	45.00013779	45.00059883	45.00187713	45.00373405
45.00000009	45.00000052	45.00000263	45.00001046	45.00003019	45.00005637	45.00000040	45.00000221	45.00001123	45.00004464	45.00012899	45.00024114	45.00000152	45.00000835	45.00004245	45.00016895	45.00048900	45.00091599	45.00000406	45.00002236	45.00011389	45.00045403	45.00131745	45.00247753	45.00000664	45.00003664	45.00018679	45.00074608	45.00217342	45.00412403	45.00000548	45.00003019	45.00015370	45.00061251	45.00177625	45.00333713
45.00000015	45.00000077	45.00000358	45.00001317	45.00003547	45.00006301	45.00000059	45.00000297	45.00001389	45.00005112	45.00013789	45.00024533	45.00000207	45.00001035	45.00004848	45.00017860	45.00048267	45.00086073	45.00000516	45.00002588	45.00012139	45.00044806	45.00121459	45.00217659	45.00000811	45.00004071	45.00019116	45.00070711	45.00192603	45.00349033	45.00000707	45.00003547	45.00016629	45.00061349	45.00166179	45.00297429
45.00000023	45.00000107	45.00000464	45.00001592	45.00004033	45.00006865	45.00000083	45.00000381	45.00001652	45.00005672	45.00014396	45.00024540	45.00000268	45.00001234	45.00005366	45.00018445	45.00046916	45.00080203	45.00000631	45.00002906	45.00012651	45.00043582	45.00111265	45.00191371	45.00000960	45.00004423	45.00019280	45.00066590	45.00171000	45.00298179	45.00000876	45.00004033	45.00017553	45.00060435	45.00154147	45.00264707
45.00000034	45.00000143	45.00000578	45.00001861	45.00004466	45.00007322	45.00000110	45.00000469	45.00001902	45.00006133	45.00014742	45.00024217	45.00000335	45.00001425	45.00005789	45.00018695	45.00045057	45.00074266	45.00000748	45.00003183	45.00012947	45.00041916	45.00101483	45.00168531	45.00001108	45.00004717	45.00019216	45.00062403	45.00152154	45.00256909	45.00001050	45.00004466	45.00018158	45.00058750	45.00142073	45.00235471
45.00000046	45.00000183	45.00000696	45.00002115	45.00004834	45.00007671	45.00000142	45.00000559	45.00002131	45.00006490	45.00014862	45.00023636	45.00000406	45.00001602	45.00006115	45.00018661	45.00042865	45.00068450	45.00000863	45.00003415	45.00013055	45.00039959	45.00092296	45.00148746	45.00001250	45.00004952	45.00018966	45.00058261	45.00135706	45.00223076	45.00001222	45.00004834	45.00018474	45.00056505	45.00130325	45.00209519
45.00000061	45.00000226	45.00000814	45.00002348	45.00005136	45.00007919	45.00000176	45.00000649	45.00002334	45.00006748	45.00014791	45.00022864	45.00000477	45.00001761	45.00006347	45.00018397	45.00040477	45.00062881	45.00000973	45.00003601	45.00013005	45.00037831	45.00083799	45.00131632	45.00001386	45.00005131	45.00018566	45.00054236	45.00121338	45.00195088	45.00001389	45.00005136	45.00018538	45.00053879	45.00119138	45.00186588
45.00000079	45.00000273	45.00000928	45.00002555	45.00005370	45.00008071	45.00000212	45.00000735	45.00002506	45.00006911	45.00014564	45.00021957	45.00000547	45.00001899	45.00006491	45.00017951	45.00038001	45.00057633	45.00001077	45.00003743	45.00012825	45.00035623	45.00076024	45.00116836	45.00001511	45.00005256	45.00018049	45.00050377	45.00108767	45.00171748	45.00001546	45.00005370	45.00018388	45.00051019	45.00108653	45.00166391
45.00000098	45.00000320	45.00001037	45.00002732	45.00005538	45.00008137	45.00000249	45.00000815	45.00002647	45.00006989	45.00014214	45.00020960	45.00000615	45.00002015	45.00006556	45.00017370	45.00035517	45.00052747	45.00001172	45.00003843	45.00012543	45.00033404	45.00068964	45.00104040	45.00001623	45.00005331	45.00017444	45.00046714	45.00097754	45.00152147	45.00001689	45.00005538	45.00018062	45.00048041	45.00098940	45.00148642
45.00000119	45.00000367	45.00001137	45.00002877	45.00005644	45.00008127	45.00000287	45.00000889	45.00002757	45.00006993	45.00013771	45.00019914	45.00000680	45.00002107	45.00006553	45.00016693	45.00033083	45.00048241	45.00001257	45.00003904	45.00012182	45.00031221	45.00062590	45.00092964	45.00001723	45.00005360	45.00016774	45.00043265	45.00088091	45.00135581	45.00001818	45.00005644	45.00017597	45.00045036	45.00090025	45.00133069
45.00000141	45.00000414	45.00001227	45.00002991	45.00005694	45.00008053	45.00000325	45.00000954	45.00002836	45.00006934	45.00013261	45.00018846	45.00000739	45.00002178	45.00006491	45.00015951	45.00030739	45.00044114	45.00001331	45.00003931	45.00011762	45.00029111	45.00056859	45.00083366	45.00001808	45.00005350	45.00016061	45.00040039	45.00079601	45.00121504	45.00001929	45.00005694	45.00017026	45.00042070	45.00081899	45.00119417
45.00000164	45.00000458	45.00001305	45.00003074	45.00005695	45.00007924	45.00000361	45.00001011	45.00002886	45.00006823	45.00012706	45.00017781	45.00000793	45.00002227	45.00006382	45.00015172	45.00028510	45.00040354	45.00001394	45.00003926	45.00011302	45.00027097	45.00051722	45.00075038	45.00001879	45.00005303	45.00015322	45.00037037	45.00072132	45.00109485	45.00002023	45.00005695	45.00016378	45.00039193	45.00074533	45.00107458
45.00000187	45.00000500	45.00001371	45.00003128	45.00005653	45.00007751	45.00000395	45.00001058	45.00002911	45.00006669	45.00012124	45.00016735	45.00000840	45.00002257	45.00006234	45.00014378	45.00026414	45.00036945	45.00001445	45.00003896	45.00010817	45.00025192	45.00047128	45.00067802	45.00001935	45.00005227	45.00014573	45.00034256	45.00065555	45.00099178	45.00002098	45.00005653	45.00015679	45.00036439	45.00067885	45.00096984
45.00000210	45.00000538	45.00001425	45.00003156	45.00005573	45.00007543	45.00000427	45.00001097	45.00002913	45.00006483	45.00011531	45.00015723	45.00000881	45.00002269	45.00006056	45.00013585	45.00024459	45.00033863	45.00001486	45.00003843	45.00010317	45.00023405	45.00043026	45.00061505	45.00001977	45.00005126	45.00013825	45.00031690	45.00059756	45.00090306	45.00002156	45.00005573	45.00014948	45.00033832	45.00061906	45.00087812
45.00000233	45.00000573	45.00001466	45.00003160	45.00005464	45.00007308	45.00000456	45.00001126	45.00002894	45.00006272	45.00010936	45.00014753	45.00000914	45.00002266	45.00005856	45.00012807	45.00022647	45.00031085	45.00001515	45.00003771	45.00009814	45.00021740	45.00039368	45.00056017	45.00002005	45.00005004	45.00013088	45.00029331	45.00054639	45.00082645	45.00002197	45.00005464	45.00014203	45.00031385	45.00056544	45.00079780
45.00000254	45.00000603	45.00001496	45.00003142	45.00005331	45.00007053	45.00000482	45.00001147	45.00002859	45.00006045	45.00010351	45.00013831	45.00000942	45.00002249	45.00005641	45.00012052	45.00020976	45.00028586	45.00001535	45.00003685	45.00009315	45.00020196	45.00036108	45.00051227	45.00002021	45.00004865	45.00012369	45.00027169	45.00050121	45.00076011	45.00002222	45.00005331	45.00013459	45.00029103	45.00051746	45.00072744
45.00000275	45.00000629	45.00001515	45.00003107	45.00005178	45.00006786	45.00000505	45.00001161	45.00002809	45.00005806	45.00009781	45.00012961	45.00000962	45.00002221	45.00005416	45.00011329	45.00019443	45.00026341	45.00001545	45.00003586	45.00008826	45.00018770	45.00033204	45.00047040	45.00002025	45.00004715	45.00011675	45.00025191	45.00046129	45.00070249	45.00002233	45.00005178	45.00012726	45.00026989	45.00047460	45.00066578
45.00000294	45.00000651	45.00001523	45.00003056	45.00005012	45.00006510	45.00000525	45.00001167	45.00002748	45.00005561	45.00009232	45.00012144	45.00000977	45.00002183	45.00005186	45.00010640	45.00018040	45.00024327	45.00001547	45.00003479	45.00008351	45.00017458	45.00030619	45.00043375	45.00002019	45.00004555	45.00011010	45.00023387	45.00042599	45.00065235	45.00002230	45.00005012	45.00012014	45.00025040	45.00043638	45.00061174
45.00000311	45.00000668	45.00001523	45.00002992	45.00004835	45.00006232	45.00000541	45.00001166	45.00002678	45.00005315	45.00008708	45.00011382	45.00000985	45.00002137	45.00004956	45.00009990	45.00016760	45.00022523	45.00001542	45.00003366	45.00007895	45.00016255	45.00028317	45.00040163	45.00002003	45.00004390	45.00010377	45.00021744	45.00039476	45.00060861	45.00002216	45.00004835	45.00011327	45.00023250	45.00040233	45.00056434
45.00000327	45.00000681	45.00001514	45.00002918	45.00004653	45.00005955	45.00000554	45.00001160	45.00002601	45.00005071	45.00008210	45.00010672	45.00000989	45.00002085	45.00004727	45.00009380	45.00015596	45.00020908	45.00001529	45.00003248	45.00007459	45.00015155	45.00026269	45.00037344	45.00001979	45.00004221	45.00009777	45.00020251	45.00036712	45.00057039	45.00002191	45.00004653	45.00010671	45.00021613	45.00037203	45.00052276
45.00000341	45.00000690	45.00001498	45.00002837	45.00004467	45.00005682	45.00000564	45.00001149	45.00002519	45.00004831	45.00007740	45.00010015	45.00000988	45.00002029	45.00004503	45.00008810	45.00014540	45.00019462	45.00001511	45.00003128	45.00007046	45.00014151	45.00024446	45.00034867	45.00001948	45.00004052	45.00009212	45.00018897	45.00034265	45.00053693	45.00002158	45.00004467	45.00010049	45.00020119	45.00034508	45.00048626
45.00000352	45.00000695	45.00001476	45.00002750	45.00004281	45.00005415	45.00000571	45.00001134	45.00002433	45.00004598	45.00007299	45.00009408	45.00000982	45.00001968	45.00004285	45.00008279	45.00013582	45.00018169	45.00001487	45.00003008	45.00006655	45.00013236	45.00022824	45.00032688	45.00001910	45.00003884	45.00008683	45.00017670	45.00032096	45.00050759	45.00002117	45.00004281	45.00009463	45.00018760	45.00032113	45.00045419
45.00000362	45.00000696	45.00001449	45.00002659	45.00004097	45.00005156	45.00000575	45.00001115	45.00002346	45.00004374	45.00006886	45.00008849	45.00000973	45.00001906	45.00004075	45.00007787	45.00012715	45.00017013	45.00001459	45.00002888	45.00006288	45.00012403	45.00021380	45.00030769	45.00001868	45.00003718	45.00008188	45.00016559	45.00030175	45.00048182	45.00002070	45.00004097	45.00008913	45.00017527	45.00029985	45.00042602
45.00000370	45.00000695	45.00001418	45.00002565	45.00003917	45.00004908	45.00000576	45.00001093	45.00002259	45.00004159	45.00006502	45.00008334	45.00000961	45.00001842	45.00003875	45.00007333	45.00011931	45.00015979	45.00001428	45.00002770	45.00005944	45.00011648	45.00020095	45.00029078	45.00001823	45.00003557	45.00007727	45.00015556	45.00028471	45.00045915	45.00002019	45.00003917	45.00008399	45.00016410	45.00028096	45.00040124
45.00000376	45.00000691	45.00001384	45.00002471	45.00003741	45.00004670	45.00000576	45.00001069	45.00002172	45.00003954	45.00006145	45.00007862	45.00000946	45.00001778	45.00003684	45.00006914	45.00011223	45.00015055	45.00001394	45.00002655	45.00005623	45.00010962	45.00018950	45.00027585	45.00001774	45.00003400	45.00007300	45.00014650	45.00026959	45.00043919	45.00001964	45.00003741	45.00007921	45.00015400	45.00026418	45.00037944
45.00000380	45.00000684	45.00001348	45.00002377	45.00003572	45.00004444	45.00000573	45.00001043	45.00002086	45.00003760	45.00005814	45.00007430	45.00000928	45.00001714	45.00003503	45.00006528	45.00010584	45.00014229	45.00001358	45.00002543	45.00005325	45.00010342	45.00017931	45.00026267	45.00001723	45.00003249	45.00006904	45.00013833	45.00025618	45.00042158	45.00001907	45.00003572	45.00007479	45.00014488	45.00024929	45.00036024
45.00000382	45.00000676	45.00001309	45.00002284	45.00003410	45.00004230	45.00000568	45.00001016	45.00002002	45.00003577	45.00005508	45.00007034	45.00000909	45.00001651	45.00003332	45.00006175	45.00010009	45.00013491	45.00001321	45.00002436	45.00005048	45.00009780	45.00017024	45.00025102	45.00001671	45.00003105	45.00006539	45.00013097	45.00024428	45.00040603	45.00001847	45.00003410	45.00007069	45.00013665	45.00023607	45.00034334
45.00000383	45.00000666	45.00001270	45.00002193	45.00003255	45.00004028	45.00000562	45.00000988	45.00001921	45.00003405	45.00005226	45.00006673	45.00000888	45.00001589	45.00003172	45.00005851	45.00009490	45.00012831	45.00001283	45.00002332	45.00004792	45.00009272	45.00016216	45.00024071	45.00001618	45.00002967	45.00006203	45.00012435	45.00023371	45.00039228	45.00001787	45.00003255	45.00006693	45.00012924	45.00022435	45.00032843
45.00000383	45.00000654	45.00001230	45.00002104	45.00003107	45.00003838	45.00000554	45.00000959	45.00001842	45.00003244	45.00004967	45.00006344	45.00000867	45.00001528	45.00003022	45.00005555	45.00009023	45.00012242	45.00001244	45.00002234	45.00004556	45.00008813	45.00015496	45.00023158	45.00001564	45.00002836	45.00005894	45.00011838	45.00022433	45.00038011	45.00001727	45.00003107	45.00006346	45.00012258	45.00021394	45.00031529
45.00000381	45.00000641	45.00001190	45.00002019	45.00002968	45.00003661	45.00000545	45.00000930	45.00001767	45.00003093	45.00004729	45.00006044	45.00000844	45.00001470	45.00002882	45.00005285	45.00008602	45.00011714	45.00001205	45.00002140	45.00004338	45.00008399	45.00014854	45.00022349	45.00001512	45.00002713	45.00005611	45.00011302	45.00021599	45.00036931	45.00001667	45.00002968	45.00006029	45.00011659	45.00020470	45.00030369
45.00000378	45.00000627	45.00001150	45.00001937	45.00002837	45.00003495	45.00000535	45.00000901	45.00001695	45.00002953	45.00004510	45.00005770	45.00000821	45.00001414	45.00002752	45.00005039	45.00008224	45.00011243	45.00001166	45.00002051	45.00004138	45.00008026	45.00014282	45.00021631	45.00001460	45.00002596	45.00005352	45.00010820	45.00020857	45.00035972	45.00001608	45.00002837	45.00005738	45.00011120	45.00019651	45.00029344
45.00000375	45.00000612	45.00001111	45.00001858	45.00002714	45.00003341	45.00000525	45.00000873	45.00001627	45.00002823	45.00004310	45.00005522	45.00000798	45.00001360	45.00002631	45.00004815	45.00007884	45.00010822	45.00001128	45.00001967	45.00003954	45.00007689	45.00013773	45.00020994	45.00001409	45.00002487	45.00005115	45.00010387	45.00020198	45.00035120	45.00001551	45.00002714	45.00005472	45.00010638	45.00018923	45.00028438
45.00000370	45.00000597	45.00001072	45.00001784	45.00002599	45.00003198	45.00000513	45.00000845	45.00001562	45.00002702	45.00004127	45.00005296	45.00000775	45.00001309	45.00002519	45.00004611	45.00007578	45.00010445	45.00001090	45.00001888	45.00003786	45.00007386	45.00013318	45.00020428	45.00001359	45.00002384	45.00004898	45.00009999	45.00019611	45.00034361	45.00001495	45.00002599	45.00005230	45.00010205	45.00018277	45.00027638
45.00000365	45.00000582	45.00001035	45.00001713	45.00002491	45.00003065	45.00000502	45.00000818	45.00001501	45.00002590	45.00003960	45.00005091	45.00000752	45.00001260	45.00002416	45.00004425	45.00007303	45.00010108	45.00001054	45.00001814	45.00003632	45.00007113	45.00012913	45.00019925	45.00001312	45.00002289	45.00004701	45.00009650	45.00019089	45.00033685	45.00001441	45.00002491	45.00005009	45.00009816	45.00017704	45.00026929
45.00000359	45.00000566	45.00000999	45.00001647	45.00002391	45.00002943	45.00000490	45.00000791	45.00001444	45.00002487	45.00003808	45.00004905	45.00000729	45.00001214	45.00002320	45.00004257	45.00007056	45.00009807	45.00001019	45.00001744	45.00003491	45.00006867	45.00012552	45.00019477	45.00001266	45.00002199	45.00004522	45.00009337	45.00018624	45.00033080	45.00001389	45.00002391	45.00004809	45.00009469	45.00017195	45.00026301
45.00000352	45.00000551	45.00000965	45.00001584	45.00002298	45.00002829	45.00000478	45.00000766	45.00001390	45.00002393	45.00003669	45.00004737	45.00000707	45.00001171	45.00002232	45.00004105	45.00006835	45.00009538	45.00000985	45.00001680	45.00003362	45.00006646	45.00012230	45.00019079	45.00001222	45.00002117	45.00004358	45.00009057	45.00018210	45.00032540	45.00001339	45.00002298	45.00004626	45.00009157	45.00016743	45.00025745
45.00000345	45.00000536	45.00000931	45.00001525	45.00002212	45.00002725	45.00000466	45.00000741	45.00001340	45.00002305	45.00003542	45.00004584	45.00000686	45.00001130	45.00002151	45.00003966	45.00006636	45.00009297	45.00000952	45.00001619	45.00003245	45.00006448	45.00011942	45.00018723	45.00001180	45.00002040	45.00004210	45.00008806	45.00017841	45.00032055	45.00001292	45.00002212	45.00004461	45.00008879	45.00016342	45.00025252
45.00000338	45.00000521	45.00000900	45.00001470	45.00002133	45.00002629	45.00000454	45.00000718	45.00001293	45.00002225	45.00003427	45.00004446	45.00000665	45.00001091	45.00002076	45.00003841	45.00006457	45.00009081	45.00000921	45.00001563	45.00003139	45.00006269	45.00011686	45.00018406	45.00001140	45.00001969	45.00004076	45.00008580	45.00017512	45.00031620	45.00001247	45.00002133	45.00004311	45.00008630	45.00015986	45.00024813
45.00000331	45.00000506	45.00000870	45.00001419	45.00002059	45.00002541	45.00000442	45.00000695	45.00001249	45.00002151	45.00003323	45.00004321	45.00000645	45.00001055	45.00002008	45.00003728	45.00006297	45.00008888	45.00000891	45.00001511	45.00003042	45.00006109	45.00011457	45.00018123	45.00001102	45.00001903	45.00003954	45.00008379	45.00017218	45.00031229	45.00001205	45.00002059	45.00004176	45.00008407	45.00015669	45.00024424
45.00000324	45.00000492	45.00000842	45.00001371	45.00001992	45.00002461	45.00000430	45.00000674	45.00001209	45.00002084	45.00003228	45.00004208	45.00000626	45.00001021	45.00001946	45.00003626	45.00006153	45.00008716	45.00000863	45.00001463	45.00002954	45.00005965	45.00011252	45.00017871	45.00001066	45.00001842	45.00003844	45.00008198	45.00016956	45.00030876	45.00001165	45.00001992	45.00004053	45.00008208	45.00015387	45.00024078
45.00000316	45.00000478	45.00000815	45.00001327	45.00001930	45.00002387	45.00000419	45.00000654	45.00001171	45.00002022	45.00003142	45.00004106	45.00000607	45.00000990	45.00001888	45.00003533	45.00006024	45.00008561	45.00000837	45.00001419	45.00002873	45.00005836	45.00011070	45.00017644	45.00001033	45.00001787	45.00003744	45.00008037	45.00016721	45.00030558	45.00001127	45.00001930	45.00003942	45.00008030	45.00015137	45.00023770
