0.660590
30.767223
33.438255
0.002368
33.055450
13.243932
45.799315
39.767940
341.756451
40.485383
10.158507
47.058880
40.238142
397.777104
41.038595
11.337740
43.244699
38.792813
239.458210
39.338058
0.660590
30.767223
33.438255
0.002368
33.055450
12.041574
44.257191
39.169392
275.718731
39.781230
9.693818
45.686514
39.749508
342.272738
40.463045
8.558975
43.344469
38.814889
240.311244
39.364260
10.949791
44.874900
39.414071
302.312105
40.068857
8.914062
47.484444
40.396305
417.455108
41.224851
10.178490
47.857000
40.485810
423.735842
41.330730
6.322796
42.180273
38.387521
203.097266
38.861115
12.606850
43.469286
38.893861
250.457109
39.456563
3.489004
45.103528
39.549066
321.644361
40.226774
7.332740
46.206038
39.939689
364.002308
40.686840
9.008892
44.756702
39.358694
295.514426
40.003815
9.648929
46.550441
40.066863
378.752190
40.836761
9.830084
47.834516
40.530992
435.340850
41.383243
5.919113
47.312384
40.264990
394.331683
41.070873
9.618532
43.935054
39.070541
267.787447
39.664473
12.944187
46.023981
39.864606
354.405637
40.598683
5.245970
46.944066
40.238172
402.602422
41.037761
7.010282
45.811544
39.816405
352.018395
40.541380
11.416847
45.204349
39.524114
312.835914
40.198619
10.820507
43.112592
38.738994
234.130417
39.274812
7.332507
44.342099
39.187949
276.464827
39.803257
13.550609
47.094899
40.233245
395.521781
41.032860
14.181779
44.489229
39.264181
286.043544
39.892664
11.510566
43.110422
38.743290
234.965904
39.279742
13.774966
45.899849
39.813119
347.921648
40.538199
3.951375
42.161650
38.380089
202.420170
38.852396
8.362830
40.837062
37.822453
154.346533
38.197593
0.660590
30.767223
33.438255
0.002368
33.055450
18.436891
46.861621
40.196859
396.210151
40.989419
9.987954
46.881523
40.157318
386.493435
40.943536
15.332870
43.363786
38.794586
235.908730
39.341188
0.660590
30.767223
33.438255
0.002368
33.055450
19.864986
48.722580
40.876835
483.655676
41.789953
16.229238
49.257202
41.039178
502.232299
41.981362
13.609314
44.950164
39.461328
309.083503
40.124191
16.312900
48.975894
40.966226
495.708419
41.895094
13.252071
50.714191
41.566855
578.787970
42.602148
9.007658
49.183211
41.028120
502.404267
41.968300
15.765275
46.348185
39.892619
347.811693
40.633652
23.924307
50.384756
41.458095
563.189788
42.474536
12.985408
51.427487
41.851561
625.169735
42.937516
3.561004
47.702053
40.487993
430.386746
41.332602
12.364235
46.370204
39.996598
369.948551
40.754190
20.178010
53.324128
42.513680
730.986250
43.716797
4.654369
49.574522
41.189510
527.882330
42.157718
12.374745
49.252863
41.015737
496.158848
41.954201
13.593858
45.932319
39.728014
328.494687
40.439913
15.048340
48.764028
40.865649
479.159931
41.777037
5.101187
49.233225
41.073481
512.058176
42.021325
10.802042
48.817511
40.916323
489.623009
41.836371
12.476903
47.520941
40.450701
429.343712
41.287906
16.207513
50.290029
41.451751
566.245676
42.466451
14.060102
50.152593
41.375969
551.839191
42.377515
14.346053
48.899695
40.863972
472.573528
41.776014
15.824850
45.509241
39.545648
305.960285
40.226063
18.668571
47.686883
40.406479
411.942331
41.237569
15.588033
50.640942
41.553537
577.534982
42.586988
15.583168
50.113785
41.332917
541.954678
42.327167
19.381020
49.499736
41.044041
493.282743
41.987859
