p0	p1	p2	p3	p4	p5	p6	p7	p8	p9	p10	p11	p12	p13	p14	p15	p16	p17	p18	p19	p20	p21	p22	p23	p24	p25	p26	p27	p28	p29	p30	p31	p32	p33	p34	p35	p36	p37	p38	p39	p40	p41	p42	p43	p44	p45	p46	p47	p48	p49	p50	p51	p52	p53	p54	p55	p56	p57	p58	p59	p60	p61	p62	p63
0	0	0	0	0	0	0	0	0	0.2160366667	0.555014303	0.3531572121	0	0.3627812121	0	0	0.2085597576	0.5903892121	0.5869870303	0.090702	0	0.6684383636	0.6693271515	0.1156810909	0	0.2439094545	0	0.0207321818	0	0.3646573939	0	0.0289288485	0	0	0.5405159394	0	0	0.4556147273	0.4061564848	0.0708292727	0	0.5664084848	0.6494147273	0.290508	0	0.4196566667	0.4902763636	0.2824524242	0	0.6633615152	0.5283609697	0.32872	0.5523883636	0.6384830303	0.4904253333	0	0	0.3058185455	0.4477204242	0.3256898182	0.2986128485	0	0.4163847879	0.2211366061
0	0	0	0	0	0	0	0	0	0.7032300606	0.7159978788	0.131949697	0	0.7075101212	0	0	0.7076695152	0.6545801818	0.730558303	0.1412576364	0	0.6605469697	0.7134984242	0.1303212727	0	0.7095700606	0	0.0307583636	0	0.7100433939	0	0.0257640606	0	0	0.2511167879	0	0	0.7169438182	0.3574548485	0.0844112727	0	0.2368390303	0.2691678182	0.7073226061	0	0.6801376364	0.33346	0.0783015758	0.2954035758	0.7107996364	0.6559293333	0.7075755758	0.6409940606	0.7062069697	0.7086154545	0	0	0.3153456364	0.7103555152	0.7099637576	0.386034	0	0.6360481212	0.2899639394
0	0	0	0	0	0	0	0	0	0.6979692121	0.7015561212	0	0	0.7109930303	0	0	0.7067970303	0.6395314545	0.6934655758	0.1612389697	0	0.6290116364	0.7144838182	0.1481404242	0	0.7074577576	0	0.0180950909	0	0.7079702424	0	0.0135741212	0	0	0	0	0	0.5698184242	0	0.0703195152	0	0	0	0.709911697	0	0.2779327273	0	0	0.3802180606	0.6897984242	0.652732303	0.7124835758	0.5175870909	0.4251572121	0.7083603636	0	0	0.1468890303	0.7250191515	0.7075412121	0.3142978788	0	0.6430647879	0.293950303
0	0	0	0	0	0	0	0	0	0.7147406667	0.3284204242	0.1948800606	0	0.7112217576	0	0	0.7109315758	0.6104070909	0.7087969091	0	0	0.6199724848	0.7108016364	0	0	0.7106185455	0	0	0	0.7069114545	0	0	0	0	0	0	0	0	0	0	0	0	0	0.7104707273	0	0	0	0	0.4326392121	0.4183672121	0.6222213333	0.7053289091	0	0	0	0	0	0.5025756364	0.5623330303	0.7105332727	0	0	0	0
0	0	0	0	0	0	0	0	0	0.710658303	0.7379561212	0.0685227879	0	0.7104635152	0	0	0.7108645455	0.6325899394	0.7109635758	0	0	0.5486785455	0.7110927879	0	0	0.7078578182	0	0	0	0.7081126061	0	0	0	0	0	0	0	0	0	0	0	0	0	0.7070984242	0	0	0	0	0	0.6327589091	0.6441407879	0.7107290909	0	0	0	0	0	0.5358899394	0.5560625455	0.7105902424	0	0	0	0
0	0	0	0	0	0	0	0	0	0.4230587879	0	0	0	0.2817408485	0	0	0.4220750303	0.5701441212	0.2837798788	0	0	0.4548598182	0.1415738182	0	0	0.4231022424	0	0	0	0.2812393939	0	0	0	0	0	0	0	0	0	0	0	0	0	0.7108561818	0	0	0	0	0	0.6455146667	0.6401759394	0.7070773939	0	0	0	0	0	0.1168211515	0.730738	0.7107060606	0	0	0	0
0	0	0.3444962424	0	0	0.1606968485	0.0771213939	0	0	0.3667756364	0.479296	0	0	0.4702329697	0.466761697	0	0.0952092121	0.4913610303	0.4588109697	0.285176	0.447138	0.5479646061	0	0	0	0.2039842424	0.2830746667	0	0	0.2915816364	0	0	0	0.1283884848	0.1063	0.0760453333	0	0	0.1984410909	0.1208043636	0	0.3057847879	0.3124172727	0.4905509091	0.2423754545	0.1590769697	0.2033064848	0	0.2647686061	0.3324440606	0.56906	0.143904303	0.0742027273	0.5762330909	0.4492365455	0.107421697	0.1367995758	0	0	0	0.0323666667	0.1099390909	0	0.0543209697
0	0	0.5822699394	0	0	0.383309697	0.1588247879	0	0	0.4980463636	0.5862229091	0	0	0.6249429091	0.7113026667	0	0.1478098182	0.7023542424	0.6620369091	0.5793017576	0.4510354545	0.4318761212	0	0	0	0.2124423636	0.503032303	0	0	0.2183403636	0	0	0	0.5241965455	0.5895798788	0.2783053333	0	0	0.6422819394	0.3819871515	0	0.5350615152	0.6838818788	0.7137109697	0.6683950909	0.7060574545	0.7071585455	0	0.6409917576	0.7089321212	0.6854750303	0.4915538788	0.0916580606	0.6507435758	0.7264418182	0.2406813939	0.2940994545	0	0	0	0.0260683636	0.689691697	0	0.0255478182
0	0	0	0	0	0.6098890303	0.2166610909	0	0	0	0	0	0	0.5517935152	0.7096652727	0	0.2006991515	0.7191262424	0	0	0	0	0	0	0	0	0	0	0	0	0	0	0	0.0242733333	0.7081337576	0.2198247273	0	0	0.6446450303	0.3838803636	0	0.2733722424	0.6421779394	0.7163633333	0.6998150909	0.7077256364	0.7091210303	0	0.6404667879	0.7073088485	0.7193673333	0.7119207273	0.1148851515	0.6549058788	0.7227330303	0.1057551515	0.3943103636	0	0	0	0.130207697	0.7195319394	0	0.0237887273
0	0	0	0	0	0.250020303	0.0690621212	0	0	0	0	0	0	0.2597487879	0.282696303	0	0.3654487273	0.473367697	0.127148	0	0	0	0	0	0	0	0	0	0	0	0	0	0	0.010314303	0.7104496364	0.0494779394	0	0	0.2593052727	0.1584824242	0	0	0.6239843636	0.7091169697	0.4211317576	0.7074360606	0.2792712727	0	0.2616210909	0.2856377576	0.7268529697	0.7023983636	0.1896008485	0.5386934545	0.6864366061	0	0.0928624848	0	0	0	0.0139702424	0.6962775152	0	0
0	0	0	0	0	0	0	0	0	0	0	0	0	0	0	0	0	0.7315277576	0.2226652727	0	0	0	0	0	0	0	0	0	0	0	0	0	0	0	0.7057107879	0	0	0	0	0	0	0	0.6384405455	0.7071389091	0	0.7125638788	0	0	0	0.2646359394	0.6596558788	0.7245652121	0	0.6276423636	0.7097093939	0	0	0	0.2609841212	0	0	0.7102946667	0	0
0	0	0.1905732727	0	0	0.1176140606	0.058488303	0.1149852121	0	0.2850038788	0.1948012727	0	0.1634045455	0.1820915758	0.3039019394	0.1781666667	0.3760772727	0.6764730909	0.182479697	0	0.0383133333	0.3301975152	0.2917737576	0.0932730303	0	0.0476013939	0.1500305455	0.0820406667	0	0.1646586061	0.147654303	0.0807241818	0	0	0.7155229697	0.0390581818	0	0	0.1957830909	0	0	0.373277697	0.6255405455	0.710248	0	0.7027429697	0.3376284242	0.125410303	0.2490879394	0.4918637576	0.1015580606	0.6964418182	0.0885004242	0.6481387879	0.710163697	0	0.1377700606	0	0.0724774545	0	0	0.7109368485	0	0
0	0	0.539905697	0	0	0.5627657576	0.389122	0.7037987273	0	0.4927232727	0.6810455152	0	0.7139395152	0.7091417576	0.5939135152	0.4020669091	0.6067122424	0.6140849697	0.6300325455	0	0.2798430909	0.6613990303	0.7080835152	0.4383571515	0	0.1016808485	0.6731919394	0.4409955758	0.0407950909	0.6999322424	0.6674253333	0.4445474545	0	0	0.2781041818	0.1473498182	0	0	0.6726573333	0	0	0.6623293939	0.6194721212	0.3420406667	0	0.2802688485	0.6426593333	0.6719424848	0.6424292121	0.7089657576	0	0.2840941818	0.4665168485	0.6506494545	0.7065370909	0	0.3843027273	0	0	0	0	0.2840786667	0	0
0	0	0	0	0	0.5593076364	0.387790303	0.7095575152	0	0	0	0	0.6624089091	0.7080969697	0.4838018788	0	0	0	0	0	0.0855229697	0.6721323636	0.7023398788	0.7107149697	0	0.2346741818	0.7203581818	0.1290369697	0.0281018182	0.7240230909	0.6058024848	0.7105727273	0	0	0	0.0257783636	0	0	0.7178163636	0	0	0.7091405455	0.169522	0.0725410909	0	0.1649143636	0.6571072121	0.711068	0.6382086061	0.7083787273	0	0	0.3299631515	0.6467597576	0.7103738182	0	0.292802303	0	0	0	0	0	0	0
0	0	0	0	0	0.3929365455	0.1606844848	0.4240389697	0	0	0	0	0.5497543636	0.706708	0.5000209091	0	0	0	0	0	0.0982780606	0.6573678182	0.7146901212	0.7071215758	0	0.4523324848	0.4920217576	0	0.035252	0.6918686061	0.6634775758	0.7091832727	0	0	0	0.0106464848	0	0	0.6964930303	0	0	0.283468303	0.0240213939	0.0309915758	0	0.2000998788	0.6709528485	0.70958	0.2589972121	0.2800017576	0	0	0	0.1489186061	0.7106675758	0	0.0916273939	0	0	0	0	0	0	0
0	0	0	0	0	0	0	0	0	0	0	0	0	0.7103112121	0.7116699394	0	0	0	0	0	0	0.6247375758	0.7029724242	0.7106135758	0	0	0.6950422424	0.1593835758	0	0.709970303	0.6472153939	0.7068620606	0	0	0	0	0	0	0.7070973333	0	0	0	0	0	0	0.5196336364	0.6558845455	0.7108082424	0	0	0	0	0	0	0.7131721212	0	0	0	0	0	0	0	0	0
0	0	0	0	0	0	0	0	0	0	0	0	0	0.7104909091	0.7082350303	0	0	0	0	0	0	0.6519187879	0.7076412727	0.7083461818	0	0	0.2948560606	0.1138845455	0	0.7188831515	0.6483633939	0.7072329697	0	0	0	0	0	0	0.7108937576	0	0	0	0	0	0	0.7108388485	0.6416872727	0.7104882424	0	0	0	0	0	0	0.7079259394	0	0	0	0	0	0	0	0	0
0	0	0	0	0	0	0	0	0	0	0	0	0	0.423312	0.5684656364	0	0	0	0	0	0	0.6358470303	0.4288441212	0.7075933939	0	0	0	0	0	0.4171283636	0.6521855152	0.7109564848	0	0	0	0	0	0	0.4205506667	0	0	0	0	0	0	0.7156668485	0.6293202424	0.4240297576	0	0	0	0	0	0	0.4263324242	0	0	0	0	0	0	0	0	0
0	0	0.1277110909	0	0	0	0.1011069697	0	0	0	0.2269309091	0.1241039394	0	0.088920303	0.1003272727	0	0	0.2628526061	0.1917680606	0.1623327879	0	0.6931190303	0.3062264848	0.1023474545	0	0.1142840606	0.1673526667	0	0	0	0.458442303	0.0517393939	0	0	0.2166069697	0.1048449091	0	0	0	0	0	0.2370458182	0.1911179394	0	0	0.288872303	0.6811610909	0.1118300606	0.3139249091	0.2986094545	0.1665712121	0.1431689091	0	0.1855882424	0.1133839394	0.0408712727	0	0	0.056894303	0	0	0	0.0461686667	0
0	0	0.4505934545	0	0	0	0.597411697	0	0	0	0.6245631515	0.5911247273	0	0.6189492727	0.6787580606	0	0	0.6598560606	0.7207312121	0.4983963636	0	0.4465067273	0.7091589091	0	0	0.1055566667	0.0480110909	0	0	0.0632609091	0.6461621818	0.3855790909	0	0	0.6424418788	0.3854721818	0	0	0	0	0	0.5818271515	0.7065393333	0	0	0	0.4435261212	0.0702709697	0.5912504848	0.6898981818	0.6147859394	0.5571308485	0	0.6757097576	0.6542900606	0.396953697	0	0	0.5553241212	0	0	0.182251697	0.0870437576	0
0	0	0.7109513333	0	0	0	0.2499310303	0	0	0.245832303	0.6464466061	0.7109544848	0	0.2451543636	0.2491424848	0	0	0.7188807273	0.7053853333	0.2231194545	0	0	0.7092539394	0	0	0.11601	0.2175092121	0	0	0	0.636062	0.3781951515	0	0	0.6395174545	0.2935507879	0	0	0	0	0	0.1151656364	0.7115458182	0	0	0	0.2118415152	0	0.1155172121	0.0863012121	0.6551894545	0.7138565455	0	0.6919407273	0.6980276364	0.2540751515	0	0	0.70523	0	0	0.2546381818	0.3049814545	0
0	0	0.7125281818	0	0	0	0	0	0	0.1636542424	0.6951580606	0.7095723636	0	0	0	0	0	0.2771166667	0.6938441818	0	0	0	0.4243623636	0	0	0.1235850909	0.0174587273	0	0	0	0.5205730303	0.226630303	0	0	0.3848323636	0.1592805455	0	0	0	0	0	0	0.4275670909	0	0	0	0.4252283636	0	0	0	0.6486956364	0.7003123636	0	0.5697215758	0.663338	0	0	0	0.7104238788	0	0	0.1660256364	0.0275810303	0
0	0	0.7077513939	0	0	0	0	0	0	0.7042992121	0.6303197576	0.7105339394	0	0	0	0	0	0	0.7184941212	0	0	0	0	0	0	0	0	0	0	0	0	0	0	0	0	0	0	0	0	0	0	0	0	0	0	0	0.2880410909	0	0	0	0.6537935152	0.7102001818	0	0	0.4690150909	0.0781740606	0	0	0.7126006061	0	0	0	0	0
0	0	0.7111967879	0	0	0.1020583636	0	0	0	0.7122115152	0.6547686667	0.7085155152	0.1189178788	0.0866315758	0.0914857576	0	0	0	0.7148581818	0	0.1395596364	0.1417664242	0	0	0	0	0	0	0	0.1082014545	0	0	0	0	0	0	0	0	0	0	0	0.1062611515	0	0	0	0.0744627273	0.1245743636	0.0643268485	0	0	0.6475058788	0.711344	0.091921697	0.1334901818	0.6682497576	0.1411389091	0	0	0.7089392727	0	0	0.0387673333	0.019052303	0
0	0	0.7105313333	0	0	0.3048118182	0	0	0	0.7081060606	0.6253184242	0.5650680606	0.2804829697	0.5639452121	0.7097227879	0	0	0	0.697934303	0	0.6261205455	0.671149697	0	0	0	0	0	0	0	0.4063221818	0	0	0	0.1148823636	0.3613789697	0.3165110303	0	0.4556800606	0	0	0.448925697	0.6479984848	0.4753090909	0.3445441212	0	0.1262313333	0.6837710303	0.3592323636	0.3018101212	0.5081186667	0.6621925455	0.7066127273	0.5398333333	0.6069913333	0.7198435758	0.5937898788	0.0696534545	0.5321826061	0.710532303	0	0	0.358264	0.5923076364	0.1272645455
0	0	0	0	0	0.4284398788	0	0	0	0.2818850909	0.6536650303	0.2953082424	0.2057594545	0.5942304242	0.7104661818	0	0	0	0	0.1384666061	0.3376138788	0.2737218788	0	0	0	0	0	0	0	0.0583940606	0	0	0	0.252173697	0.7102226061	0.7069578788	0	0.7100752727	0.3030421212	0	0.6450354545	0.7073078182	0.6604941818	0.7205260606	0	0.2791398788	0.7072208485	0.2942143636	0.4213193939	0.7021098182	0.421358	0	0.7098429697	0.6654848485	0.7011704848	0.3718473333	0.0747327273	0.6768636364	0.1444689091	0	0	0.7237835758	0.3841193939	0.1354244242
0	0	0	0	0	0.3982647879	0	0	0	0	0.5936206667	0.0122822424	0.2415713333	0.5958984848	0.7110641818	0	0	0	0	0	0	0	0	0	0	0	0	0	0	0	0	0	0	0.3041939394	0.7090789697	0.7071956364	0	0.709017697	0.512200303	0	0.6385519394	0.7080101212	0.6662520606	0.6938285455	0	0	0.5544887273	0.0239144242	0.2899635758	0.7253055152	0.2029290303	0	0.7093271515	0.6218833333	0.5644974545	0	0	0.2779367273	0	0	0	0.6939606667	0	0.1315947879
0	0	0	0	0	0	0	0	0	0	0	0	0	0	0	0	0	0	0	0	0	0	0	0	0	0	0	0	0	0	0	0	0	0	0.7095193939	0.7090949091	0	0.7097159394	0.1328626667	0	0.108175697	0	0.6612011515	0.7120775758	0	0	0.5492772121	0.0111384242	0.0603849697	0	0.4130820606	0	0.7105795758	0.6228309697	0	0	0	0	0	0	0	0.7107535152	0	0
0	0	0.1194268485	0	0	0	0.2194968485	0.1793726061	0	0	0.2703761818	0.0820666667	0	0.1828408485	0.2069216364	0.0758376364	0	0.3345407879	0.1584465455	0.05596	0.2111947273	0.2349758788	0.2038952727	0.0792483636	0	0.0948910909	0.0317318788	0	0	0.0982478788	0.0681843636	0.0390703636	0	0	0.7105309697	0.7094864242	0	0.7096973939	0.1351615758	0	0	0	0.6299993939	0.7032421212	0	0.121510303	0.5659924848	0.1223835152	0	0	0.7077326061	0	0.7113101212	0.6377421818	0.114582303	0.0975912727	0	0	0	0	0	0.7130576364	0.0645904848	0.0668307273
0	0	0.4589414545	0	0	0	0.551361697	0.3570695152	0	0	0.6637984242	0.4608115758	0	0.5541714545	0.7064780606	0.5476561212	0	0.6839770909	0.6715189697	0.5177960606	0.5906232121	0.6955015152	0.6247153333	0.5835784848	0	0.1084373333	0.1041587879	0	0	0.0288524242	0.6643481818	0.5742484242	0	0	0.7097903636	0.7066466667	0	0.7094013939	0.6284609091	0	0	0	0.6374263636	0.7075993939	0	0.5801818788	0.6983669697	0.1156780606	0	0	0.7114056364	0	0.7085981818	0.6438937576	0.7073813939	0.6670657576	0	0	0	0	0	0.7044816364	0.6376840606	0.3927271515
0	0	0.7104877576	0	0	0	0.6380966061	0.2923470303	0	0.1857046667	0.6480530909	0.7071139394	0	0	0.7091235758	0.7088208485	0	0.7055895758	0.7118987273	0.2469498182	0.1349207273	0.1720189697	0.6416152121	0.6987767879	0	0.2524187879	0.115234	0	0	0.159734303	0.7337593939	0.7071942424	0	0	0.2807469091	0.2833753333	0	0.1421796364	0.2603913939	0	0	0	0.6560915758	0.3511903636	0	0.2556557576	0.2617443636	0.0854174545	0	0	0.5698233939	0	0.15682	0.6481312727	0.708704303	0.7089789697	0	0	0	0	0	0	0.6369463636	0.2915672121
0	0	0.7103346667	0	0	0	0.3855038182	0.1572338182	0	0.2006321818	0.6916714545	0.7064937576	0	0	0.4274437576	0.7052897576	0	0.2770564848	0.7063186061	0	0	0.3005237576	0.6877461818	0.7077750909	0	0.1238833939	0.0174587273	0	0	0	0	0.7226046667	0	0	0	0	0	0	0	0	0	0	0.6833417576	0.2465161818	0	0	0	0.0585740606	0	0	0	0.1624252727	0	0	0.572734	0.4057578182	0	0	0	0	0	0	0.5138545455	0.3196001818
0	0	0.7106941818	0	0	0	0	0	0	0.7086049091	0.6263018182	0.7113490909	0	0	0	0.7098584242	0	0	0.7111609697	0	0	0.6003794545	0.6464060606	0.7104395758	0	0	0	0	0	0	0	0.7054441212	0	0	0	0	0	0	0	0	0	0	0.3002320606	0.0107002424	0	0	0	0	0	0	0	0	0	0	0	0	0	0	0	0	0	0	0	0
0	0	0.710220303	0	0	0	0	0	0	0.711494303	0.6542075152	0.7075961818	0	0	0	0.7106115758	0	0	0.7181336364	0	0	0.7112861818	0.6236670909	0.7104246667	0	0	0	0	0	0	0	0.6966590909	0	0	0	0	0	0	0	0	0	0	0	0	0	0	0	0	0	0	0	0	0	0	0	0	0	0	0	0	0	0	0	0
0	0	0.7113413333	0	0	0	0	0	0	0.7090865455	0.6240184848	0.5652315152	0	0	0	0.7107860606	0	0	0.7025169091	0	0	0.7119655758	0.6371813333	0.7136578182	0	0	0	0	0	0	0	0.7079457576	0	0	0	0	0	0	0	0	0	0	0	0	0	0	0	0	0	0	0	0	0	0	0	0	0	0	0	0	0	0	0	0
0	0	0	0	0	0	0	0	0	0.1447593939	0.6762630909	0.1822558788	0	0	0	0.2901415152	0	0	0.0974207273	0.0830466061	0	0.4235667879	0.6504347879	0.2233051515	0	0	0	0	0	0	0	0.2770165455	0	0	0	0	0	0	0	0	0	0	0	0	0	0	0	0	0	0	0	0	0	0	0	0	0	0	0	0	0	0	0	0
0	0	0.0969926667	0	0	0	0	0	0	0.1432033333	0.3984722424	0.1247219394	0	0	0	0	0.0238449697	0.2662217576	0.3554905455	0.0189116364	0	0	0.7059744848	0	0	0	0.0187498788	0	0	0	0	0	0	0.0683658182	0.1626632727	0	0	0.1362081818	0.0909389697	0.0546850909	0	0.302808303	0.2644595152	0	0	0.1383195758	0.1089389091	0	0.1858767879	0.1875608485	0	0	0	0.3198555758	0.2032930909	0.1040712727	0	0.1838705455	0	0	0	0.1340238788	0	0.0346346061
0	0	0.6230106667	0	0	0	0	0	0	0.6314116364	0.6987930909	0	0	0	0	0	0	0.6475312727	0.6513921818	0.3624541212	0	0	0.2865512121	0	0	0	0.5576736364	0.3958406061	0	0	0	0	0	0.227065697	0.0818814545	0	0	0.4210841818	0.5966934545	0.716538	0	0.5823658788	0.7088204848	0.4058669697	0	0.287528	0.6412541212	0.1419573939	0.6366290303	0.6909293939	0.5231207273	0.4343958182	0	0.6263075152	0.6453475758	0.2531290303	0	0.3768613939	0.442173697	0.545428303	0	0.4485302424	0	0.0546739394
0	0	0.1132935152	0	0	0	0	0	0	0.2303413939	0.1467867273	0	0	0	0	0	0.1073058182	0.7226138182	0.6754980606	0.7096634545	0	0	0	0	0	0	0.7081987273	0.7095962424	0	0	0	0	0	0.5636673939	0.1951566667	0	0	0.2686843636	0.5064733333	0.7007646667	0	0.5401350909	0.7104009697	0.4949959394	0	0.7072735152	0.7123336364	0.0895089091	0.2990001212	0.180623697	0.7183627273	0.4989256364	0	0.6453306061	0.7163378788	0.1195375758	0	0.0185877576	0.3077295758	0.5460141818	0	0.7125212121	0	0.0426997576
0	0	0	0	0	0	0	0	0	0	0	0	0	0	0	0	0.0232610909	0.6868250909	0.6293797576	0.7079404242	0	0	0	0	0	0	0.7089581212	0.7090066061	0	0	0	0	0	0.6142621212	0.2165070909	0	0	0.2737101818	0.6478592727	0.696132	0	0.6339954545	0.7086058788	0	0	0.7073307879	0.7114833333	0.0984708485	0	0.4081814545	0.6642903636	0	0	0.6338301818	0.7059369091	0.0819615758	0	0	0	0	0	0.7056354545	0	0.0419513333
0	0	0	0	0	0	0	0	0	0	0	0	0	0	0	0	0.3250673333	0.7270051515	0.6582170303	0.7265187879	0	0	0	0	0	0	0.7078071515	0.7101790909	0	0	0	0	0	0	0	0	0	0.0337409697	0.1306722424	0.2673900606	0	0	0	0	0	0.7104431515	0	0.0432587879	0	0.2948686061	0.5366196364	0.0862088485	0	0.6223213333	0.7104570303	0	0	0	0	0	0	0.7104856364	0	0.0120644242
0	0	0	0	0	0	0	0	0	0	0	0	0	0	0	0	0.4624712727	0.4692418788	0.6099118788	0.6949146667	0	0	0	0	0	0	0.7102934545	0.7093795152	0	0	0	0	0	0	0	0	0	0	0	0	0	0	0	0	0	0.7082195758	0	0	0	0	0.4508280606	0.0688011515	0	0.626078303	0.7106321818	0	0	0	0	0	0	0.7109664848	0	0
0	0	0	0	0	0	0	0	0	0	0	0	0	0	0	0	0.1157213939	0.7228469091	0.6454717576	0.7141806061	0	0	0	0	0	0	0.7082948485	0.7108044848	0	0	0	0	0	0	0	0	0	0	0	0	0	0	0	0	0	0.5686292121	0	0	0	0	0	0	0	0.6302140606	0.4266408485	0	0	0	0	0	0	0.4269806061	0	0
0	0	0	0	0	0.2220861818	0	0	0	0	0	0	0	0.3798072727	0.3619671515	0.3625832121	0	0.437458	0.3034070303	0	0	0.4161935152	0.3148697576	0.284613697	0	0	0	0	0	0	0.3551349697	0.0807575152	0	0	0	0.1637663636	0	0	0.4377307273	0	0.0299492727	0.3528927273	0.4806701212	0.1258261212	0	0.3135105455	0.4852197576	0.3140286061	0.3789677576	0.470170303	0.4466220606	0.2208795152	0.4095630303	0.6068555152	0.3591558182	0	0.3915770303	0	0.2844944242	0.2096618788	0	0.3948927879	0	0
0	0	0	0	0	0.2780037576	0	0	0	0	0	0	0	0.5238281818	0.7026593939	0.6627947879	0	0	0	0	0	0.6587650909	0.6478400606	0.4277551515	0	0	0	0	0	0	0.6172030909	0.0311064848	0	0	0	0.1890399394	0	0	0.4841996364	0	0.1881465455	0.734666	0.7198995758	0.1107654545	0	0.1785992727	0.5731294545	0.4021955758	0.6425787879	0.7075553333	0.6404578788	0.6898303636	0.7096024848	0.6445853333	0.6908872727	0	0.4260730909	0.0659251515	0.7030837576	0.6462433939	0	0.7074578788	0	0
0	0	0	0	0	0.3036923636	0	0	0	0	0	0	0	0.6602429091	0.7025134545	0.7177037576	0	0	0	0	0	0.706578303	0.0225041212	0.0837802424	0	0	0	0	0	0	0.1762279394	0.1408007273	0	0	0	0.1970126061	0	0	0	0	0	0.4376108485	0.6986601212	0.2101294545	0	0.3473455152	0.5955928485	0	0.6494992121	0.7083812121	0.6706283636	0.7075630909	0.7098063636	0.5857001212	0.7074934545	0	0.4217586667	0.3234718182	0.7070610909	0.7067498788	0	0.7104065455	0	0
0	0	0	0	0	0.080902303	0	0	0	0	0	0	0	0.1522395758	0.2812776364	0	0	0	0	0	0	0.2815338182	0	0	0	0	0	0	0	0	0	0.0013347879	0	0	0	0.1530453333	0	0	0	0	0	0	0	0	0	0.2100435152	0	0	0.1717901212	0.1435156364	0.6595653939	0.7061484848	0.7069793333	0.6888426061	0.7093280606	0	0.182374	0.3339073939	0.7101581212	0.7098842424	0	0.7067502424	0	0
0	0	0	0	0	0	0	0	0	0	0	0	0	0	0	0	0	0	0	0	0	0	0	0	0	0	0	0	0	0	0	0	0	0	0	0	0	0	0	0	0	0	0	0	0	0.7062813333	0	0	0	0	0.6421807273	0.7145701818	0.7095442424	0.6350185455	0.7110083636	0	0	0.7121280606	0.7106962424	0.7099903636	0	0.7111497576	0	0
0	0	0	0	0	0	0	0	0	0	0	0	0	0	0	0	0	0	0	0	0	0	0	0	0	0	0	0	0	0	0	0	0	0	0	0	0	0	0	0	0	0	0	0	0	0.7117335758	0	0	0	0	0.6326527879	0.7087200606	0.7140492121	0.6388539394	0.7099190909	0	0	0.7112620606	0.711222	0.707362303	0	0.7103363636	0	0
0	0	0	0	0	0	0	0	0	0	0	0	0	0	0	0	0	0	0	0	0	0	0	0	0	0	0	0	0	0	0	0	0	0	0	0	0	0	0	0	0	0	0	0	0	0.7117237576	0	0	0	0	0.5617975758	0.4524799394	0.4206578788	0.6436564848	0.2842347273	0	0	0.5709182424	0.4230747273	0.4236028485	0	0.2817386667	0	0
0	0.1490606667	0	0.0844292727	0	0.1297047879	0	0.0506713333	0.149799697	0.1671458182	0.3573392727	0.1945686667	0.3072826667	0.2832441212	0.3685482424	0.1821095152	0	0.5313066667	0.2948710303	0	0.4579869697	0.3747649697	0.2679955758	0.2702479394	0	0.3594707879	0	0	0.3290613333	0	0.2526828485	0	0	0	0	0	0	0	0.083002	0	0	0	0	0	0	0.1473853333	0.2548670909	0.1067801818	0	0.3869914545	0.6871422424	0.1979752727	0	0.5849579394	0.363622	0	0	0.1551145455	0.0965	0.1085666061	0	0	0.0405793939	0
0	0.6180012727	0.1061998788	0.1571640606	0	0.4100835758	0	0.0335389091	0.6255026061	0.7163932121	0.6293771515	0.5234428485	0.5915727273	0.7072599394	0.7143689091	0.201368	0	0.612805697	0.7118811515	0	0.4857	0.7074141818	0.6991415758	0.586802303	0	0.6436222424	0	0	0.4537781818	0	0.6356376364	0	0	0	0	0	0	0	0.6636044242	0	0	0	0	0	0	0.6496212727	0.652247697	0.6635547273	0	0.6670885455	0.4319244242	0.07926	0	0.4357366061	0.7243726061	0	0	0.1143960606	0.0153102424	0	0	0.1273246061	0.1857387273	0
0	0.2974483636	0.3837367273	0.2205012121	0	0.4117515758	0	0.0335389091	0.2813316364	0.1346645455	0.7225613333	0	0.6444326061	0.7106374545	0.706535697	0.1303212727	0	0.6465905455	0.704374	0	0.5021935758	0.7080840606	0.0517420606	0	0	0.7072999394	0	0	0.2674079394	0	0.2147439394	0	0	0	0	0	0	0	0.7067882424	0	0	0	0	0	0	0.7070495758	0.6628875758	0.7169968485	0	0.7144184242	0	0	0	0	0.648975697	0	0	0.114395697	0.0312263636	0	0	0	0	0
0	0	0.3963441212	0	0	0.1532635758	0	0.0064431515	0	0	0.4841051515	0.0237352727	0.2840710303	0.4239606667	0	0	0	0.6505558788	0.7170044242	0	0.3870401212	0.4249227879	0	0	0	0.7102081212	0	0	0.248419697	0	0	0	0	0	0	0	0	0	0.706971697	0	0	0	0	0	0	0.7072268485	0.6607909091	0.7003258182	0	0.2755138182	0	0	0	0	0.2692424848	0	0	0.1129295152	0.0134892121	0	0	0	0	0
0	0	0	0	0	0	0	0	0	0	0.7203998788	0.1222169091	0	0	0	0	0	0.6408972121	0.7011781818	0	0	0	0	0	0	0.7121288485	0	0	0	0	0	0	0	0	0	0	0	0	0.7078751515	0	0	0	0	0	0	0.7104415152	0.6384293939	0.7106384242	0	0	0	0	0	0	0.7104206667	0	0	0	0	0	0	0	0	0
0	0	0	0	0	0	0	0	0	0	0.2993766667	0.1280480606	0	0	0	0	0	0.6576178788	0.7103010909	0	0.3580223636	0.3772721212	0	0	0	0.7189609697	0	0	0.2020672121	0	0	0	0	0	0	0	0	0	0.7128808485	0	0	0	0	0	0	0.7076092121	0.6474857576	0.7108329697	0	0	0	0	0	0	0.7118147273	0	0	0	0	0	0	0	0	0
0	0	0	0	0	0	0	0	0	0	0	0	0	0	0	0	0	0.6349865455	0.284597697	0	0.5613659394	0.7095955758	0	0	0	0.4098982424	0	0	0.3870901212	0	0	0	0	0	0	0	0	0	0.5600231515	0	0	0	0	0	0	0.5678010303	0.6315038182	0.4259010303	0	0	0	0	0	0	0.7114509091	0	0	0	0	0	0	0	0	0
0	0	0	0	0	0	0	0	0	0	0	0	0	0	0	0	0	0	0	0	0.5588075758	0.7093155758	0	0	0	0	0	0	0.3833890909	0	0	0	0	0	0	0	0	0	0	0	0	0	0	0	0	0	0.6577621212	0.137250303	0	0	0	0	0	0	0	0.1077269697	0	0	0	0	0	0	0	0
