# Unidade 1
#EM FIT, 145 failures in one billion hours
0.660590
35.671875
0.660590
34.138851
35.671875
9.910712
35.695831
0.660590
63.162259
35.756368
7.235976
35.687308
0.660590
49.405632
35.742523
9.071521
35.682165
0.660590
26.800684
35.726476
0.660590
35.671875
0.660590
34.138851
35.671875
9.029664
35.693515
0.660590
30.480191
35.778917
7.372545
35.675980
0.660590
65.130956
35.700000
6.571857
35.674913
0.660590
58.734010
35.690918
8.081791
35.674425
0.660590
59.407788
35.691203
6.327040
35.698615
0.660590
56.635610
35.768144
6.561857
35.702939
0.660590
52.581406
35.784173
5.326292
35.678375
0.660590
42.685125
35.701397
9.930638
35.676685
0.660590
54.274753
35.701244
2.875088
35.681381
0.660590
43.698893
35.717396
5.333454
35.678389
0.660590
48.071181
35.709792
6.589645
35.674926
0.660590
57.166801
35.691725
7.100055
35.695669
0.660590
57.415868
35.757422
7.047472
35.699231
0.660590
54.636438
35.771921
3.395283
35.699598
0.660590
48.655168
35.771245
7.606882
35.677886
0.660590
52.722057
35.703357
9.183606
35.681045
0.660590
69.637076
35.716098
3.889801
35.679570
0.660590
46.751327
35.714515
5.487179
35.678373
0.660590
47.277757
35.708327
8.206723
35.676954
0.660590
68.769911
35.700484
8.733002
35.684258
0.660590
66.312780
35.719794
5.134669
35.675052
0.660590
59.479868
35.689019
9.605047
35.678790
0.660590
73.611629
35.709038
10.763883
35.674026
0.660590
79.376434
35.691820
9.168816
35.693828
0.660590
25.832399
35.785545
9.933063
35.676611
0.660590
69.604081
35.700368
3.357960
35.675060
0.660590
48.000462
35.687638
7.064512
35.682030
0.660590
83.345905
35.707714
0.660590
35.671875
0.660590
34.138851
35.671875
13.521669
35.683892
0.660590
17.036655
35.792839
6.931750
35.681597
0.660590
13.879623
35.810034
11.855658
35.702714
0.660590
9.904016
35.867627
0.660590
35.671875
0.660590
34.138851
35.671875
13.809143
35.685699
0.660590
26.495814
35.778915
10.595140
35.672173
0.660590
10.132596
35.926096
10.379303
35.685513
0.660590
27.106912
35.749167
11.437965
35.681947
0.660590
19.352220
35.817870
8.159850
35.663825
0.660590
9.828318
35.861092
6.590230
35.690179
0.660590
14.326687
35.889717
10.686212
35.695596
0.660590
8.932961
35.903308
15.461373
35.665747
0.660590
13.053975
35.860469
8.526687
35.681878
0.660590
18.093994
35.845200
2.714738
35.701272
0.660590
15.411671
35.867897
9.213319
35.708845
0.660590
28.294013
35.819903
12.355259
35.662074
0.660590
11.612586
35.867966
3.465713
35.671144
0.660590
13.599173
35.834668
8.403829
35.699685
0.660590
16.329295
35.883344
9.630512
35.695011
0.660590
7.124645
35.911520
10.343769
35.681690
0.660590
20.104507
35.796903
3.958506
35.700298
0.660590
16.970697
35.876203
7.554152
35.697559
0.660590
19.324648
35.853355
9.041916
35.685257
0.660590
19.520602
35.790854
11.020508
35.681813
0.660590
24.761268
35.783726
9.409519
35.682791
0.660590
24.241983
35.783306
9.761129
35.703570
0.660590
19.892997
35.855151
11.073330
35.701195
0.660590
7.797686
35.895779
12.307592
35.664461
0.660590
9.633567
35.867060
10.506289
35.689467
0.660590
20.368555
35.846552
10.066097
35.652490
0.660590
9.700346
35.898755
12.056059
35.633636
0.660590
7.727755
35.922620
