# Unidade 1
#EM FIT, 145 failures in one billion hours
0.625822
35.671875
0.625822
34.218573
35.671875
1.292598
35.698963
0.625822
21.037537
35.746622
8.022782
35.704032
0.625822
33.175130
35.778439
0.875377
35.696266
0.625822
23.274005
35.736128
0.625822
35.671875
0.625822
34.218573
35.671875
4.395366
35.700791
0.625822
28.843824
35.757008
3.217586
35.701792
0.625822
32.583896
35.758305
2.560907
35.690908
0.625822
39.356247
35.721280
1.287743
35.694193
0.625822
23.427400
35.731489
8.024220
35.688469
0.625822
27.475461
35.786609
12.245710
35.681397
0.625822
25.296006
35.810307
6.818541
35.697074
0.625822
29.647064
35.769675
3.612334
35.705419
0.625822
18.286553
35.780198
10.604215
35.687312
0.625822
29.371622
35.790159
10.281740
35.707646
0.625822
34.819549
35.836759
5.282371
35.704755
0.625822
33.883262
35.775910
3.964346
35.679441
0.625822
33.416148
35.702222
13.123661
35.670339
0.625822
15.605966
35.844525
14.678274
35.669860
0.625822
19.147270
35.853077
4.953523
35.701765
0.625822
29.260479
35.782357
4.785660
35.707204
0.625822
9.937133
35.858245
12.954049
35.665022
0.625822
20.708616
35.853553
11.066357
35.683526
0.625822
38.352761
35.794631
7.365203
35.701054
0.625822
41.974408
35.779598
0.625822
35.692764
0.625822
21.019122
35.725934
6.211154
35.689950
0.625822
9.893901
35.788307
6.095906
35.707043
0.625822
24.815098
35.804165
3.766801
35.694952
0.625822
37.013404
35.735559
2.013457
35.705646
0.625822
10.891791
35.778539
5.591660
35.683136
0.625822
34.818219
35.723088
6.983256
35.702597
0.625822
48.969682
35.776967
6.893746
35.698634
0.625822
57.593898
35.751805
0.625822
35.671875
0.625822
34.218573
35.671875
2.362146
35.689882
0.625822
48.551671
35.720093
7.310065
35.682277
0.625822
72.322689
35.712395
4.665029
35.691476
0.625822
68.900425
35.726839
0.625822
35.671875
0.625822
34.218573
35.671875
4.275473
35.684083
0.625822
21.048832
35.735138
10.003996
35.689693
0.625822
10.803800
35.828261
2.877058
35.700163
0.625822
18.095681
35.766931
1.929664
35.692244
0.625822
37.640234
35.725930
6.880950
35.691131
0.625822
43.015630
35.761377
10.857648
35.690796
0.625822
55.891850
35.786238
8.910832
35.684814
0.625822
57.661097
35.735161
1.939862
35.704825
0.625822
16.797942
35.782983
12.765525
35.656224
0.625822
13.100592
35.888320
13.823165
35.593518
0.625822
11.576568
35.993104
7.280456
35.691507
0.625822
8.938055
35.881708
6.496852
35.690590
0.625822
46.754901
35.734812
10.540198
35.682534
0.625822
33.038162
35.776705
14.078106
35.681048
0.625822
40.144170
35.810538
11.131746
35.686791
0.625822
43.583244
35.764308
7.306827
35.684343
0.625822
28.290649
35.739017
14.298684
35.669305
0.625822
27.246853
35.849688
18.415555
35.651628
0.625822
16.896200
35.894229
3.563278
35.707605
0.625822
21.232397
35.816370
2.617043
35.695396
0.625822
29.687446
35.735330
4.751642
35.693410
0.625822
23.478093
35.769416
8.596171
35.685289
0.625822
29.784648
35.767728
5.958260
35.683511
0.625822
29.742450
35.729828
0.908448
35.685236
0.625822
20.458090
35.716674
11.166759
35.706245
0.625822
37.500404
35.812317
3.265949
35.687342
0.625822
23.641890
35.754756
1.772418
35.680356
0.625822
33.201952
35.696918
