145.7562703
1001.358734
392.6373658
259.5491926
262.8449601
418.1573817
758.406953
39.93062954
300.3638216
85.53938959
70.7410309
62.45556605
115.5893685
180.1447699
239.847146
1756.111385
489.2060688
414.6737874
353.443104
698.1692603
1053.296916
23.26280424
163.5839845
43.66768162
38.79841295
30.76795547
68.1961265
98.12733769
30.97501661
200.0570924
49.49696528
47.85371285
33.53421729
92.33947302
120.0262425
698.1692603
1053.296916
23.26280424
163.5839845
43.66768162
38.79841295
30.76795547
68.1961265
98.12733769
30.97501661
200.0570924
49.49696528
47.85371285
33.53421729
92.33947302
