2.972656
31.340230
33.704471
0.044246
33.365919
11.933453
44.556181
39.319550
314.043685
39.959627
11.357222
44.966376
39.478421
333.209899
40.146612
12.658489
40.915773
37.856173
163.365858
38.238629
2.972656
31.340230
33.704471
0.044246
33.365919
19.129724
44.993168
39.473049
330.873596
40.140654
10.116298
44.058919
39.098599
285.583705
39.700330
3.842943
42.182455
38.370291
210.323238
38.843153
13.266209
44.978987
39.485131
334.219083
40.154475
12.944917
48.284701
40.730915
503.405036
41.621405
12.523579
46.411019
40.028267
403.502515
40.793968
15.619972
41.936989
38.267140
200.072772
38.721956
18.180670
44.661599
39.344194
315.312201
39.988992
14.608521
47.260140
40.275383
428.434136
41.086384
5.530108
45.017330
39.459910
326.811111
40.125779
3.317939
42.324752
38.421269
214.800703
38.903262
16.394100
46.632891
40.109650
414.218676
40.889833
17.041263
48.326637
40.737486
503.212646
41.629295
12.503592
45.716951
39.755475
366.683462
40.472992
5.920156
40.011375
37.452521
128.767211
37.765182
20.894684
46.154004
39.918153
387.346632
40.664616
12.522446
47.046864
40.203005
419.397841
41.001033
6.444112
44.667833
39.323076
310.280261
39.964783
3.583464
42.177895
38.356309
207.953902
38.827046
15.399395
43.283579
38.827854
258.948354
39.380867
14.768504
45.080863
39.521027
338.275728
40.196796
10.770482
43.026721
38.719252
246.730350
39.253274
9.700477
38.205416
36.719476
80.958927
36.903282
12.468162
41.782384
38.195561
192.651793
38.638002
5.849549
42.901128
38.642677
236.347062
39.163895
3.936523
42.400080
38.453838
218.200392
38.941518
3.600077
40.902826
37.856284
163.751805
38.238624
2.972656
31.340230
33.704471
0.044246
33.365919
13.365692
45.116830
39.531841
339.260161
40.209612
8.983973
47.481777
40.415604
455.213383
41.250371
12.175843
43.992346
39.102024
288.930493
39.703593
2.972656
31.340230
33.704471
0.044246
33.365919
17.259951
45.842856
39.808687
374.087689
40.535550
20.362359
45.533376
39.691535
359.232054
40.397584
12.931936
41.223706
37.998052
176.937187
38.404962
16.313208
44.321314
39.220739
301.651716
39.843518
10.679885
48.546931
40.798128
509.592918
41.701052
5.056341
50.239460
41.423065
608.626494
42.437075
15.138854
46.065482
39.889160
384.078109
40.630381
22.674221
46.770693
40.150737
418.485136
40.938453
20.776569
49.662870
41.222754
577.535969
42.200967
14.169068
45.224215
39.567930
343.199965
40.252175
10.470936
40.362569
37.637687
145.872437
37.981529
5.763579
41.521280
38.099634
184.604213
38.524931
4.974954
43.833657
38.981380
269.828369
39.562986
3.869076
46.080272
39.885469
382.544215
40.626217
3.896005
41.683745
38.192981
195.362391
38.633956
26.307465
46.328365
39.987228
396.865187
40.745853
22.930197
47.726474
40.509647
469.081378
41.361045
11.126107
43.817676
39.019158
278.209120
39.606390
5.615422
39.677315
37.365818
125.579116
37.661680
5.071003
38.926000
37.045253
102.575772
37.285207
4.322923
39.265327
37.187356
112.290126
37.452174
3.562465
38.492800
36.875236
92.205172
37.085096
4.250449
37.308252
36.375811
63.783806
36.498382
23.410584
40.213647
37.571190
140.254303
37.903497
12.548144
41.475890
38.080592
182.850422
38.502533
10.871944
40.273055
37.605669
143.618742
37.943778
5.019505
38.341968
36.804595
87.454616
37.002340
