2.743990
31.309939
33.690713
0.037433
33.349793
12.916870
36.952106
36.149736
50.254167
36.235175
3.905479
36.199967
35.882581
40.766061
35.919857
4.941039
36.305980
35.942248
43.686525
35.989423
2.743990
31.309939
33.690713
0.037433
33.349793
3.900742
33.288031
34.604516
6.449273
34.420220
5.168000
36.944222
36.215239
55.868894
36.309999
6.021910
37.998280
36.661346
79.347332
36.834008
4.216357
33.629550
34.752022
8.694827
34.593400
15.121981
42.430606
38.426262
212.998585
38.909809
26.864625
50.785480
41.653313
653.031605
42.707810
24.833168
47.526302
40.454388
464.472182
41.295597
2.743990
32.134607
34.075557
1.200164
33.800435
2.743990
37.438672
36.418547
65.717770
36.549018
29.476905
51.576790
41.912537
693.874096
43.013550
37.958588
53.389024
42.561299
812.694882
43.777890
2.870616
33.383114
34.647859
7.098692
34.471016
19.901808
43.315918
38.819473
256.757930
39.371486
17.395776
45.007515
39.432061
322.063823
40.093168
6.926799
39.785637
37.421033
130.789684
37.726263
2.743990
33.897112
34.879558
11.151133
34.742661
25.805644
47.044853
40.262754
435.896847
41.070152
38.395399
53.659012
42.657752
831.283521
43.891513
5.500053
40.623001
37.734742
153.530348
38.095932
2.776248
32.033951
34.029214
0.956960
33.746141
2.968389
33.822756
34.848311
10.579054
34.705936
4.324138
34.657025
35.216501
18.871337
35.137898
4.551034
33.917374
34.890955
11.415253
34.755932
2.743990
32.081806
34.051124
1.067473
33.771816
2.743990
34.815262
35.287123
20.796839
35.220731
5.365380
36.780081
36.144774
52.550599
36.227256
4.097293
33.597265
34.742131
8.589271
34.581634
2.743990
31.309939
33.690713
0.037433
33.349793
4.783560
35.315447
35.512956
27.766918
35.485487
5.286571
37.272978
36.340741
61.408435
36.457899
5.647185
37.002771
36.236114
56.702380
36.334656
2.743990
31.309939
33.690713
0.037433
33.349793
14.065975
38.773508
36.938074
93.594753
37.160676
5.201380
37.028902
36.246443
57.166157
36.346817
4.044761
35.055886
35.399587
24.218173
35.352436
4.128083
34.954324
35.354658
22.874392
35.299728
12.131259
44.129467
39.151217
294.840253
39.761550
33.699720
54.607510
42.968149
887.720932
44.257488
38.032209
51.678756
41.946375
699.325591
43.053487
4.488324
34.496373
35.136108
16.624589
35.043973
12.345915
42.500522
38.435997
212.124228
38.922084
14.392902
45.997837
39.877922
385.111156
40.616799
11.017307
42.028866
38.318296
206.687471
38.781697
3.201312
34.555238
35.173757
17.810574
35.087678
19.767521
47.316958
40.374732
452.905193
41.201817
27.176838
52.478282
42.250411
756.879611
43.411422
16.767008
44.829752
39.359273
312.485954
40.008032
3.294304
34.338334
35.074727
15.328755
34.971623
15.773810
44.225774
39.185070
298.387254
39.801468
22.369182
48.210575
40.692632
497.265404
41.576447
4.937177
39.014928
37.089568
106.313223
37.337081
3.596952
33.607475
34.741877
8.517150
34.581528
14.842095
40.798229
37.764873
153.037964
38.132650
5.066814
38.042327
36.679249
80.350202
36.855066
5.290694
35.321306
35.505147
27.230171
35.476718
2.743990
32.076574
34.048701
1.054783
33.768977
2.743990
34.188148
35.010519
13.911374
34.896210
3.474256
35.436806
35.565974
29.522949
35.547709
4.131858
34.238925
35.030866
14.324948
34.920165
