0.699449
31.039100
33.567699
0.002979
33.205612
27.352809
57.622098
43.891064
1069.428495
45.345424
24.016063
55.361323
43.031051
877.976107
44.332585
6.008442
39.986251
37.360166
121.481309
37.658238
0.699449
31.039100
33.567699
0.002979
33.205612
11.909213
47.551100
40.475088
476.970436
41.319649
10.198620
45.939079
39.828987
382.885931
40.559557
4.734209
38.613016
36.883754
94.011357
37.096363
29.825234
58.267703
44.204107
1155.785248
45.714145
25.615167
63.460056
45.906864
1562.271766
47.720073
21.934655
55.262214
43.083769
902.274824
44.394664
6.316817
40.464309
37.579027
139.293266
37.914959
23.013051
52.020279
42.044478
723.154005
43.169239
13.468537
56.465156
43.656835
1050.337556
45.068321
17.688004
51.031090
41.705605
666.360815
42.769724
2.358638
39.411141
37.232788
118.484165
37.506065
19.077339
56.377059
43.582928
1025.275016
44.982016
11.656333
54.243400
42.871266
885.044787
44.143167
7.485290
44.363184
39.194880
301.167227
39.814084
1.048666
35.333519
35.512970
29.117903
35.485808
22.899388
55.436169
43.221170
943.729480
44.555886
21.390259
60.026642
44.727222
1263.265597
46.329919
12.548140
49.637935
41.185350
577.548354
42.157252
6.730234
40.632597
37.648173
144.746425
37.996254
12.903979
45.536736
39.618251
349.219399
40.312962
11.358408
44.547356
39.234248
302.597497
39.861071
2.379903
37.163192
36.296295
61.717017
36.405625
0.832605
32.536560
34.263138
2.950335
34.020095
16.408017
48.090256
40.618676
490.420770
41.489972
21.332754
51.984938
41.956784
696.090962
43.066723
12.438297
44.413604
39.148204
289.394680
39.760521
3.916989
36.973634
36.171169
53.881370
36.260055
0.699449
31.039100
33.567699
0.002979
33.205612
17.848444
49.630241
41.206177
584.494028
42.181260
14.424189
49.799717
41.255673
590.415544
42.239953
7.945649
41.012706
37.892480
171.101296
38.281400
0.699449
31.039100
33.567699
0.002979
33.205612
18.097663
50.631998
41.520270
628.786213
42.551973
20.780059
53.395999
42.481211
794.165020
43.684622
15.088395
46.466794
39.967028
393.281546
40.723848
19.692494
52.542626
42.213605
751.719758
43.368261
17.031164
57.585566
43.953057
1098.510083
45.417496
17.021172
54.419267
42.748285
829.948795
43.999724
7.765355
42.985740
38.625772
236.018254
39.145330
21.365880
50.470954
41.453084
615.773646
42.473306
17.181417
57.276270
43.810830
1059.723177
45.250533
16.986384
54.795122
42.979928
891.269445
44.272208
11.050400
45.692164
39.665850
353.923220
40.369215
14.968651
50.611776
41.474328
614.607775
42.498962
16.250620
52.201132
42.047691
713.251972
43.174231
11.402441
47.310033
40.235422
423.818198
41.040683
8.247141
40.609246
37.656453
146.272630
38.005959
13.061666
48.308999
40.630525
483.423346
41.504980
14.923577
52.792321
42.228294
741.294202
43.387094
12.353481
47.637764
40.378861
446.561992
41.208991
6.222177
40.134869
37.506009
137.382565
37.827788
9.365397
42.020366
38.205859
192.154560
38.652355
3.293261
39.560661
37.279148
120.820061
37.561114
2.698859
37.691135
36.502461
71.758785
36.648376
4.567151
36.373352
35.924374
43.355541
35.969964
11.303303
43.866207
38.995844
278.188828
39.579792
10.728009
45.847612
39.713373
358.901338
40.425166
6.641420
40.911328
37.795211
158.885143
38.168408
2.038609
35.403960
35.536970
29.741850
35.514200
