p0	p1	p2	p3	p4	p5	p6	p7	p8	p9	p10	p11	p12	p13	p14	p15	p16	p17	p18	p19	p20	p21	p22	p23	p24	p25	p26	p27	p28	p29	p30	p31	p32	p33	p34	p35	p36	p37	p38	p39	p40	p41	p42	p43	p44	p45	p46	p47	p48	p49	p50	p51	p52	p53	p54	p55	p56	p57	p58	p59	p60	p61	p62	p63
0	0	0	0	0	0	0	0	0	0.2160366667	0.555014303	0.3531572121	0	0.3627812121	0	0	0.2085597576	0.5903892121	0.5869870303	0.090702	0	0.6684383636	0.6693271515	0.1156810909	0	0.2439094545	0	0.0207321818	0	0.3646573939	0	0.0289288485	0	0	0.5405159394	0	0	0.4556147273	0.4061564848	0.0708292727	0	0.5664084848	0.6494147273	0.290508	0	0.4196566667	0.4902763636	0.2824524242	0	0.6633615152	0.5283609697	0.32872	0.5523883636	0.6384830303	0.4904253333	0	0	0.3058185455	0.4477204242	0.3256898182	0.2986128485	0	0.4163847879	0.2211366061
0	0	0	0	0	0	0	0	0	0.7032300606	0.7159978788	0.131949697	0	0.7075101212	0	0	0.7076695152	0.6545801818	0.730558303	0.1412576364	0	0.6605469697	0.7134984242	0.1303212727	0	0.7095700606	0	0.0307583636	0	0.7100433939	0	0.0257640606	0	0	0.2511167879	0	0	0.7169438182	0.3574548485	0.0844112727	0	0.2368390303	0.2691678182	0.7073226061	0	0.6801376364	0.33346	0.0783015758	0.2954035758	0.7107996364	0.6559293333	0.7075755758	0.6409940606	0.7062069697	0.7086154545	0	0	0.3153456364	0.7103555152	0.7099637576	0.386034	0	0.6360481212	0.2899639394
0	0	0	0	0	0	0	0	0	0.6979692121	0.7015561212	0	0	0.7109930303	0	0	0.7067970303	0.6395314545	0.6934655758	0.1612389697	0	0.6290116364	0.7144838182	0.1481404242	0	0.7074577576	0	0.0180950909	0	0.7079702424	0	0.0135741212	0	0	0	0	0	0.5698184242	0	0.0703195152	0	0	0	0.709911697	0	0.2779327273	0	0	0.3802180606	0.6897984242	0.652732303	0.7124835758	0.5175870909	0.4251572121	0.7083603636	0	0	0.1468890303	0.7250191515	0.7075412121	0.3142978788	0	0.6430647879	0.293950303
0	0	0	0	0	0	0	0	0	0.7147406667	0.3284204242	0.1948800606	0	0.7112217576	0	0	0.7109315758	0.6104070909	0.7087969091	0	0	0.6199724848	0.7108016364	0	0	0.7106185455	0	0	0	0.7069114545	0	0	0	0	0	0	0	0	0	0	0	0	0	0.7104707273	0	0	0	0	0.4326392121	0.4183672121	0.6222213333	0.7053289091	0	0	0	0	0	0.5025756364	0.5623330303	0.7105332727	0	0	0	0
0	0	0	0	0	0	0	0	0	0.710658303	0.7379561212	0.0685227879	0	0.7104635152	0	0	0.7108645455	0.6325899394	0.7109635758	0	0	0.5486785455	0.7110927879	0	0	0.7078578182	0	0	0	0.7081126061	0	0	0	0	0	0	0	0	0	0	0	0	0	0.7070984242	0	0	0	0	0	0.6327589091	0.6441407879	0.7107290909	0	0	0	0	0	0.5358899394	0.5560625455	0.7105902424	0	0	0	0
0	0	0	0	0	0	0	0	0	0.4230587879	0	0	0	0.2817408485	0	0	0.4220750303	0.5701441212	0.2837798788	0	0	0.4548598182	0.1415738182	0	0	0.4231022424	0	0	0	0.2812393939	0	0	0	0	0	0	0	0	0	0	0	0	0	0.7108561818	0	0	0	0	0	0.6455146667	0.6401759394	0.7070773939	0	0	0	0	0	0.1168211515	0.730738	0.7107060606	0	0	0	0
0	0	0.3444962424	0	0	0.1606968485	0.0771213939	0	0	0.3667756364	0.479296	0	0	0.4702329697	0.466761697	0	0.0952092121	0.4913610303	0.4588109697	0.285176	0.447138	0.5479646061	0	0	0	0.2039842424	0.2830746667	0	0	0.2915816364	0	0	0	0.1283884848	0.1063	0.0760453333	0	0	0.1984410909	0.1208043636	0	0.3057847879	0.3124172727	0.4905509091	0.2423754545	0.1590769697	0.2033064848	0	0.2647686061	0.3324440606	0.56906	0.143904303	0.0742027273	0.5762330909	0.4492365455	0.107421697	0.1367995758	0	0	0	0.0323666667	0.1099390909	0	0.0543209697
0	0	0.5822699394	0	0	0.383309697	0.1588247879	0	0	0.4980463636	0.5862229091	0	0	0.6249429091	0.7113026667	0	0.1478098182	0.7023542424	0.6620369091	0.5793017576	0.4510354545	0.4318761212	0	0	0	0.2124423636	0.503032303	0	0	0.2183403636	0	0	0	0.5241965455	0.5895798788	0.2783053333	0	0	0.6422819394	0.3819871515	0	0.5350615152	0.6838818788	0.7137109697	0.6683950909	0.7060574545	0.7071585455	0	0.6409917576	0.7089321212	0.6854750303	0.4915538788	0.0916580606	0.6507435758	0.7264418182	0.2406813939	0.2940994545	0	0	0	0.0260683636	0.689691697	0	0.0255478182
0	0	0	0	0	0.6098890303	0.2166610909	0	0	0	0	0	0	0.5517935152	0.7096652727	0	0.2006991515	0.7191262424	0	0	0	0	0	0	0	0	0	0	0	0	0	0	0	0.0242733333	0.7081337576	0.2198247273	0	0	0.6446450303	0.3838803636	0	0.2733722424	0.6421779394	0.7163633333	0.6998150909	0.7077256364	0.7091210303	0	0.6404667879	0.7073088485	0.7193673333	0.7119207273	0.1148851515	0.6549058788	0.7227330303	0.1057551515	0.3943103636	0	0	0	0.130207697	0.7195319394	0	0.0237887273
0	0	0	0	0	0.250020303	0.0690621212	0	0	0	0	0	0	0.2597487879	0.282696303	0	0.3654487273	0.473367697	0.127148	0	0	0	0	0	0	0	0	0	0	0	0	0	0	0.010314303	0.7104496364	0.0494779394	0	0	0.2593052727	0.1584824242	0	0	0.6239843636	0.7091169697	0.4211317576	0.7074360606	0.2792712727	0	0.2616210909	0.2856377576	0.7268529697	0.7023983636	0.1896008485	0.5386934545	0.6864366061	0	0.0928624848	0	0	0	0.0139702424	0.6962775152	0	0
0	0	0	0	0	0	0	0	0	0	0	0	0	0	0	0	0	0.7315277576	0.2226652727	0	0	0	0	0	0	0	0	0	0	0	0	0	0	0	0.7057107879	0	0	0	0	0	0	0	0.6384405455	0.7071389091	0	0.7125638788	0	0	0	0.2646359394	0.6596558788	0.7245652121	0	0.6276423636	0.7097093939	0	0	0	0.2609841212	0	0	0.7102946667	0	0
0	0	0.1905732727	0	0	0.1176140606	0.058488303	0.1149852121	0	0.2850038788	0.1948012727	0	0.1634045455	0.1820915758	0.3039019394	0.1781666667	0.3760772727	0.6764730909	0.182479697	0	0.0383133333	0.3301975152	0.2917737576	0.0932730303	0	0.0476013939	0.1500305455	0.0820406667	0	0.1646586061	0.147654303	0.0807241818	0	0	0.7155229697	0.0390581818	0	0	0.1957830909	0	0	0.373277697	0.6255405455	0.710248	0	0.7027429697	0.3376284242	0.125410303	0.2490879394	0.4918637576	0.1015580606	0.6964418182	0.0885004242	0.6481387879	0.710163697	0	0.1377700606	0	0.0724774545	0	0	0.7109368485	0	0
0	0	0.539905697	0	0	0.5627657576	0.389122	0.7037987273	0	0.4927232727	0.6810455152	0	0.7139395152	0.7091417576	0.5939135152	0.4020669091	0.6067122424	0.6140849697	0.6300325455	0	0.2798430909	0.6613990303	0.7080835152	0.4383571515	0	0.1016808485	0.6731919394	0.4409955758	0.0407950909	0.6999322424	0.6674253333	0.4445474545	0	0	0.2781041818	0.1473498182	0	0	0.6726573333	0	0	0.6623293939	0.6194721212	0.3420406667	0	0.2802688485	0.6426593333	0.6719424848	0.6424292121	0.7089657576	0	0.2840941818	0.4665168485	0.6506494545	0.7065370909	0	0.3843027273	0	0	0	0	0.2840786667	0	0
0	0	0	0	0	0.5593076364	0.387790303	0.7095575152	0	0	0	0	0.6624089091	0.7080969697	0.4838018788	0	0	0	0	0	0.0855229697	0.6721323636	0.7023398788	0.7107149697	0	0.2346741818	0.7203581818	0.1290369697	0.0281018182	0.7240230909	0.6058024848	0.7105727273	0	0	0	0.0257783636	0	0	0.7178163636	0	0	0.7091405455	0.169522	0.0725410909	0	0.1649143636	0.6571072121	0.711068	0.6382086061	0.7083787273	0	0	0.3299631515	0.6467597576	0.7103738182	0	0.292802303	0	0	0	0	0	0	0
0	0	0	0	0	0.3929365455	0.1606844848	0.4240389697	0	0	0	0	0.5497543636	0.706708	0.5000209091	0	0	0	0	0	0.0982780606	0.6573678182	0.7146901212	0.7071215758	0	0.4523324848	0.4920217576	0	0.035252	0.6918686061	0.6634775758	0.7091832727	0	0	0	0.0106464848	0	0	0.6964930303	0	0	0.283468303	0.0240213939	0.0309915758	0	0.2000998788	0.6709528485	0.70958	0.2589972121	0.2800017576	0	0	0	0.1489186061	0.7106675758	0	0.0916273939	0	0	0	0	0	0	0
0	0	0	0	0	0	0	0	0	0	0	0	0	0.7103112121	0.7116699394	0	0	0	0	0	0	0.6247375758	0.7029724242	0.7106135758	0	0	0.6950422424	0.1593835758	0	0.709970303	0.6472153939	0.7068620606	0	0	0	0	0	0	0.7070973333	0	0	0	0	0	0	0.5196336364	0.6558845455	0.7108082424	0	0	0	0	0	0	0.7131721212	0	0	0	0	0	0	0	0	0
0	0	0	0	0	0	0	0	0	0	0	0	0	0.7104909091	0.7082350303	0	0	0	0	0	0	0.6519187879	0.7076412727	0.7083461818	0	0	0.2948560606	0.1138845455	0	0.7188831515	0.6483633939	0.7072329697	0	0	0	0	0	0	0.7108937576	0	0	0	0	0	0	0.7108388485	0.6416872727	0.7104882424	0	0	0	0	0	0	0.7079259394	0	0	0	0	0	0	0	0	0
0	0	0	0	0	0	0	0	0	0	0	0	0	0.423312	0.5684656364	0	0	0	0	0	0	0.6358470303	0.4288441212	0.7075933939	0	0	0	0	0	0.4171283636	0.6521855152	0.7109564848	0	0	0	0	0	0	0.4205506667	0	0	0	0	0	0	0.7156668485	0.6293202424	0.4240297576	0	0	0	0	0	0	0.4263324242	0	0	0	0	0	0	0	0	0
0	0	0.1277110909	0	0	0	0.1011069697	0	0	0	0.2269309091	0.1241039394	0	0.088920303	0.1003272727	0	0	0.2628526061	0.1917680606	0.1623327879	0	0.6931190303	0.3062264848	0.1023474545	0	0.1142840606	0.1673526667	0	0	0	0.458442303	0.0517393939	0	0	0.2166069697	0.1048449091	0	0	0	0	0	0.2370458182	0.1911179394	0	0	0.288872303	0.6811610909	0.1118300606	0.3139249091	0.2986094545	0.1665712121	0.1431689091	0	0.1855882424	0.1133839394	0.0408712727	0	0	0.056894303	0	0	0	0.0461686667	0
0	0	0.4505934545	0	0	0	0.597411697	0	0	0	0.6245631515	0.5911247273	0	0.6189492727	0.6787580606	0	0	0.6598560606	0.7207312121	0.4983963636	0	0.4465067273	0.7091589091	0	0	0.1055566667	0.0480110909	0	0	0.0632609091	0.6461621818	0.3855790909	0	0	0.6424418788	0.3854721818	0	0	0	0	0	0.5818271515	0.7065393333	0	0	0	0.4435261212	0.0702709697	0.5912504848	0.6898981818	0.6147859394	0.5571308485	0	0.6757097576	0.6542900606	0.396953697	0	0	0.5553241212	0	0	0.182251697	0.0870437576	0
0	0	0.7109513333	0	0	0	0.2499310303	0	0	0.245832303	0.6464466061	0.7109544848	0	0.2451543636	0.2491424848	0	0	0.7188807273	0.7053853333	0.2231194545	0	0	0.7092539394	0	0	0.11601	0.2175092121	0	0	0	0.636062	0.3781951515	0	0	0.6395174545	0.2935507879	0	0	0	0	0	0.1151656364	0.7115458182	0	0	0	0.2118415152	0	0.1155172121	0.0863012121	0.6551894545	0.7138565455	0	0.6919407273	0.6980276364	0.2540751515	0	0	0.70523	0	0	0.2546381818	0.3049814545	0
0	0	0.7125281818	0	0	0	0	0	0	0.1636542424	0.6951580606	0.7095723636	0	0	0	0	0	0.2771166667	0.6938441818	0	0	0	0.4243623636	0	0	0.1235850909	0.0174587273	0	0	0	0.5205730303	0.226630303	0	0	0.3848323636	0.1592805455	0	0	0	0	0	0	0.4275670909	0	0	0	0.4252283636	0	0	0	0.6486956364	0.7003123636	0	0.5697215758	0.663338	0	0	0	0.7104238788	0	0	0.1660256364	0.0275810303	0
0	0	0.7077513939	0	0	0	0	0	0	0.7042992121	0.6303197576	0.7105339394	0	0	0	0	0	0	0.7184941212	0	0	0	0	0	0	0	0	0	0	0	0	0	0	0	0	0	0	0	0	0	0	0	0	0	0	0	0.2880410909	0	0	0	0.6537935152	0.7102001818	0	0	0.4690150909	0.0781740606	0	0	0.7126006061	0	0	0	0	0
0	0	0.7111967879	0	0	0.0970561818	0	0	0	0.7122115152	0.6547686667	0.7085155152	0.1189600606	0.085034303	0.0898011515	0	0	0	0.7148581818	0	0.1390918788	0.1444497576	0	0	0	0	0	0	0	0.1072324848	0	0	0	0	0	0	0	0	0	0	0	0	0	0	0	0	0	0	0	0	0.6475058788	0.711344	0	0	0.5956086061	0.1147470303	0	0	0.7089392727	0	0	0	0	0
0	0	0.7110193333	0	0	0.2888808485	0	0	0	0.708398	0.6248614545	0.5660235758	0.2588938182	0.5704502424	0.7128886061	0	0	0	0.6979077576	0	0.618877697	0.6646944848	0	0	0	0	0	0	0	0.3953773939	0	0	0	0	0	0	0	0	0	0	0	0	0	0	0	0	0	0	0	0	0.6604710909	0.7098056364	0	0	0	0	0	0	0.7102588485	0	0	0	0	0
0	0	0	0	0	0.3306691515	0	0	0	0.2840986667	0.6600873333	0.2940035152	0.202800303	0.5926869091	0.7115872121	0	0	0	0	0.1383174545	0.3510683636	0.3105087879	0	0	0	0	0	0	0	0.0591187879	0	0	0	0	0	0	0	0	0	0	0	0	0	0	0	0	0	0	0	0	0.3000925455	0	0	0	0	0	0	0	0	0	0	0	0	0

