2.743990
31.309939
33.690713
0.037433
33.349793
9.339125
39.916192
37.460678
132.892774
37.773279
8.992493
39.004036
37.042536
100.773195
37.283154
11.114859
37.688695
36.456817
64.730894
36.596254
2.743990
31.309939
33.690713
0.037433
33.349793
18.433281
45.359378
39.633044
353.490894
40.328554
9.544485
39.643585
37.341705
123.584364
37.633638
3.430922
33.811350
34.842588
10.460395
34.699249
10.848946
42.127253
38.354182
209.869588
38.823984
10.202949
42.729059
38.578878
230.855777
39.088681
9.506115
39.965767
37.417738
125.589555
37.724774
13.566535
38.093803
36.617718
72.876296
36.785534
18.021961
46.103177
39.927064
392.623164
40.674485
14.455724
46.738526
40.167989
425.255163
40.958159
4.966414
37.470753
36.442775
67.459308
36.577120
2.999610
32.631568
34.305507
2.909815
34.069784
14.443081
44.541235
39.274821
305.530760
39.907843
13.809764
44.228224
39.150626
290.903842
39.761770
9.515740
39.274115
37.147073
107.319084
37.406230
3.627061
34.191914
34.995622
13.280701
34.879392
20.934468
48.032223
40.652813
494.763903
41.529108
12.831564
45.051235
39.522762
340.631759
40.198545
5.043279
36.041415
35.825314
38.861317
35.852247
3.203560
32.482219
34.236495
2.306586
33.988944
14.769349
40.905515
37.780384
152.454049
38.151542
12.256510
40.194639
37.501641
131.255603
37.823626
8.510616
37.378111
36.349348
60.302999
36.469264
8.383098
35.306036
35.473310
25.555599
35.440294
12.941834
41.275164
38.018829
179.289064
38.429388
5.070752
37.954555
36.648665
78.894292
36.818926
3.498063
33.622159
34.757888
8.925286
34.599923
3.216829
32.307960
34.156006
1.702840
33.894658
2.743990
31.309939
33.690713
0.037433
33.349793
11.597035
41.065987
37.933773
171.754138
38.329394
7.901617
40.298837
37.630349
146.998138
37.972376
11.054418
38.653547
36.916990
93.829973
37.134955
2.743990
31.309939
33.690713
0.037433
33.349793
11.602310
40.821742
37.829510
162.443895
38.206920
9.129408
38.403514
36.821488
88.379700
37.022440
3.610402
33.942792
34.901905
11.627458
34.768791
15.038268
42.823775
38.634367
238.093586
39.153519
9.918574
41.920839
38.282254
203.834303
38.739113
4.215834
38.350043
36.818346
89.169335
37.018163
13.269979
38.887688
37.007871
99.287067
37.241961
22.268997
46.692465
40.140209
420.184069
40.925652
12.417176
45.132497
39.535472
340.258352
40.213873
3.521521
36.850088
36.176835
54.122666
36.264839
3.313190
33.082398
34.512020
5.194619
34.311768
4.245777
36.268683
35.928892
43.226876
35.973643
4.196377
35.291965
35.501708
27.375227
35.472324
3.331882
33.547207
34.722329
8.294225
34.558305
3.387011
33.410280
34.659313
7.264162
34.484480
29.427178
49.923761
41.332254
598.244139
42.329751
12.686966
44.864395
39.441078
329.625641
40.102581
4.036777
35.901958
35.768956
36.819879
35.785935
3.522164
32.533261
34.259740
2.498441
34.016188
4.250873
33.858919
34.864461
10.889002
34.724876
3.789710
33.301291
34.612318
6.584685
34.429292
3.201624
32.540386
34.263209
2.529434
34.020244
3.754326
32.461856
34.226375
2.220235
33.977120
16.820179
43.578203
38.907820
264.826815
39.475894
5.101358
39.290070
37.215617
115.732245
37.484837
3.700499
34.351717
35.083957
15.611235
34.982319
3.377812
32.321137
34.161718
1.740092
33.901365
