1.426875
31.135462
33.611466
0.010206
33.256910
1.426875
34.521356
35.156965
18.121091
35.068042
11.633741
39.111332
37.054812
102.057424
37.298281
1.426875
33.546278
34.714422
8.562867
34.549319
1.426875
31.135462
33.611466
0.010206
33.256910
7.328725
39.555204
37.283745
120.316844
37.566267
5.195412
38.797951
36.949410
96.355033
37.174041
4.457186
35.218178
35.428098
24.939082
35.387459
1.426875
35.929136
35.780071
38.414313
35.799010
14.858965
45.599602
39.716461
367.595779
40.426858
19.201038
47.572179
40.417246
457.864518
41.252462
10.103848
39.064460
37.033236
100.584097
37.272885
5.935893
39.039367
37.066575
105.018190
37.311103
24.031723
51.379822
41.850524
691.018040
42.940192
20.120495
49.395922
41.033865
541.009923
41.980371
2.200393
36.741411
36.096406
50.521429
36.171619
9.074668
41.462927
38.078155
186.304832
38.499616
21.379329
52.078207
42.121157
742.555561
43.258735
21.154457
50.605823
41.591538
649.512076
42.634754
4.405576
38.028326
36.671506
81.660893
36.846018
5.321241
39.243717
37.170425
113.229989
37.432569
23.396673
53.414571
42.570108
821.841630
43.787984
22.253320
53.847848
42.600270
806.906663
43.824826
9.865680
42.037695
38.190870
187.442347
38.635265
1.426875
35.652906
35.659655
33.865415
35.657681
8.407786
41.696154
38.200610
199.922755
38.642842
9.024846
41.240671
37.973316
175.750392
38.376765
2.617637
34.673258
35.217748
19.577583
35.139605
1.531783
35.435804
35.561762
30.313768
35.542911
15.559172
45.005051
39.478928
336.688436
40.147486
15.669902
46.519943
39.876211
366.741417
40.618895
11.087283
40.755692
37.640556
138.524208
37.989475
1.426875
31.135462
33.611466
0.010206
33.256910
2.303982
35.490994
35.583200
30.972587
35.568178
11.543478
41.163803
37.929658
170.947123
38.325835
3.854588
37.578548
36.479303
70.679766
36.620351
1.426875
31.135462
33.611466
0.010206
33.256910
2.322069
37.789775
36.576974
76.501256
36.734774
12.286942
42.208267
38.345557
208.857137
38.814895
2.849127
36.627240
36.073618
50.498670
36.143919
1.426875
35.374605
35.531376
29.179981
35.507391
9.002169
43.622457
38.915358
268.424980
39.484965
16.289671
51.551408
41.861194
684.366351
42.953808
16.621585
47.280173
40.338532
450.129775
41.159460
4.653841
37.934718
36.626509
78.764701
36.793355
16.034829
48.969380
40.936073
534.356354
41.863943
21.194210
52.503990
42.095425
708.733991
43.231174
9.902605
42.120662
38.234067
192.110800
38.685878
10.491761
41.518924
38.105090
189.107612
38.531168
18.164787
50.292346
41.486695
633.064744
42.511152
27.389698
58.047579
44.207865
1168.869201
45.717659
25.487852
51.840759
42.031898
725.646769
43.153687
4.229191
39.009127
37.089649
108.652797
37.337070
18.563350
51.370974
41.822297
681.797937
42.907523
29.195099
53.457732
42.533569
805.257601
43.746000
3.382355
38.721624
36.937187
96.695450
37.158956
3.977328
36.903091
36.184819
55.389865
36.274725
3.416789
40.299848
37.633495
150.058942
37.975994
16.139799
47.558388
40.449047
466.697421
41.289521
6.925955
41.605411
38.131974
191.020945
38.562920
2.053034
35.436761
35.566313
30.590563
35.548093
9.779381
41.850873
38.204489
195.606092
38.648982
3.113584
38.917332
37.055063
106.497560
37.296329
1.906977
34.380072
35.098394
16.729977
34.999180
