2.547991
31.283975
33.678920
0.032108
33.335971
2.547991
35.626219
35.640608
32.022132
35.635601
17.134435
43.907882
39.057727
284.038628
39.651731
4.699494
36.495404
36.003740
45.776829
36.062308
2.547991
31.283975
33.678920
0.032108
33.335971
2.547991
35.702736
35.676050
33.349148
35.677120
18.139915
45.438863
39.663710
358.030124
40.364648
7.053260
40.266814
37.617489
146.375205
37.957243
8.555266
37.982430
36.601424
73.740625
36.765234
19.115613
46.860083
40.177137
422.771408
40.969674
23.139739
51.390230
41.837148
680.292040
42.924889
16.131682
44.606664
39.336208
317.013134
39.979311
2.547991
35.781253
35.710164
34.590402
35.717161
18.977266
46.386495
40.010552
401.629515
40.773284
22.214883
50.854737
41.669793
655.446267
42.727354
10.312068
43.463889
38.894157
266.893604
39.458981
17.767631
43.842548
39.035369
281.838042
39.625338
21.587982
49.411775
41.121849
562.062083
42.082239
21.636450
51.296706
41.808788
676.176634
42.891414
15.366790
44.477520
39.288223
311.531687
39.922786
18.683521
44.004384
39.106172
290.597529
39.708479
23.301980
51.398642
41.859138
687.057673
42.950535
19.827178
50.639974
41.578697
637.948441
42.620262
10.416805
43.246842
38.807932
257.475778
39.357546
5.458116
35.018689
35.355754
22.394428
35.301970
9.415234
38.719874
36.900579
90.849851
37.116911
15.587633
42.505000
38.508514
225.849456
39.005450
5.056495
36.617943
36.054544
47.915771
36.122015
4.788709
36.891196
36.189959
54.777851
36.280418
11.269829
42.488600
38.507284
226.196039
39.003852
10.935054
43.106887
38.751714
251.389953
39.291421
8.678821
40.033700
37.509578
137.055032
37.830742
2.547991
31.283975
33.678920
0.032108
33.335971
9.030967
38.838545
36.961337
95.190703
37.188078
18.831147
43.698216
38.967291
273.173095
39.545470
10.599942
38.471881
36.801878
85.017294
37.000933
2.547991
31.283975
33.678920
0.032108
33.335971
13.203544
42.360514
38.438700
217.824761
38.923683
19.740581
47.213407
40.322836
444.613961
41.140993
10.707857
42.086920
38.348380
210.632731
38.816894
6.194672
39.053643
37.090550
105.852071
37.338678
19.405451
48.021809
40.608696
483.798479
41.477864
22.984939
50.393366
41.482041
620.809022
42.506450
13.781637
42.195099
38.347080
206.891813
38.816470
11.458104
41.351562
38.035379
180.056427
38.449312
21.484859
51.100039
41.724303
659.521725
42.792097
23.886978
53.399013
42.548185
808.386734
43.762655
17.090917
47.190784
40.316870
444.056828
41.133941
19.187122
46.257470
39.969181
397.001489
40.724404
24.772193
52.123974
42.099583
726.556439
43.234049
20.879813
50.661451
41.568854
633.739947
42.608879
13.750372
42.590320
38.515538
224.307699
39.014333
19.424181
46.210985
39.933418
390.076564
40.682732
24.995813
53.830324
42.693301
834.902287
43.933668
22.711068
53.108922
42.444683
788.789299
43.640728
16.761487
46.736203
40.144268
419.891490
40.930726
6.489495
39.268388
37.177301
111.651634
37.440690
17.806794
45.889171
39.788047
368.562138
40.512047
18.101649
46.055862
39.805722
365.459332
40.534019
15.313782
42.040517
38.301886
203.813176
38.763016
10.093373
40.793682
37.815479
161.430386
38.190561
18.575799
48.302688
40.719487
500.928651
41.608320
17.287568
48.379761
40.755162
507.299528
41.650152
12.668841
43.481240
38.897470
266.885162
39.463006
