1.189063
31.103959
33.597158
0.007292
33.240139
13.303919
46.780594
40.130398
419.079154
40.915109
10.968177
44.673634
39.293302
309.318175
39.930099
2.528129
35.680552
35.661657
33.833785
35.660402
1.189063
31.103959
33.597158
0.007292
33.240139
14.979562
46.612777
40.099228
418.965935
40.877541
8.298419
43.837553
39.029968
284.895617
39.618980
6.469942
38.275556
36.713808
81.507951
36.897549
20.427212
50.419394
41.427777
608.347991
42.443655
20.214519
54.699194
42.973446
893.018119
44.263819
16.223053
48.200297
40.576341
471.608812
41.441595
2.727096
36.686530
36.091231
51.247124
36.164893
10.766215
43.023522
38.712103
250.279677
39.244935
9.918817
49.162927
41.070163
565.444935
42.020574
16.263119
48.409714
40.723827
502.726185
41.613792
2.793714
38.446840
36.810210
88.454828
37.010144
13.224651
50.344277
41.409522
606.596728
42.422060
9.679626
49.896590
41.266972
586.229344
42.253911
10.477497
43.331220
38.728399
242.554247
39.266669
1.782732
34.766356
35.260955
20.959631
35.190217
10.371721
44.878005
39.433007
332.229382
40.093291
9.596668
49.160155
41.056723
561.472971
42.005013
16.857790
47.956191
40.505744
464.304646
41.357867
10.701252
41.334096
37.854539
155.177453
38.240905
15.242748
45.057911
39.348777
306.071511
39.997754
15.621010
44.979839
39.325762
304.008838
39.970603
2.973587
37.102787
36.257919
58.692546
36.361002
1.415429
32.518926
34.253850
2.755768
34.009262
15.111609
44.275338
39.154892
294.605669
39.767077
15.348641
45.885006
39.759932
366.687604
40.479381
3.630211
39.367265
37.191366
113.347353
37.458041
6.658881
36.947047
36.114347
49.057109
36.194800
1.189063
31.103959
33.597158
0.007292
33.240139
11.933976
42.850620
38.613113
237.201907
39.129245
8.484184
42.112614
38.310364
206.414476
38.773288
6.581974
37.595875
36.461672
68.950606
36.600367
1.189063
31.103959
33.597158
0.007292
33.240139
18.829555
46.252001
39.908037
387.018256
40.653435
20.245857
49.155560
40.936347
525.727479
41.865677
16.918852
44.925454
39.330009
306.773670
39.975296
12.083206
44.177360
39.127415
292.571443
39.734438
9.572671
45.614297
39.715706
367.550183
40.426131
3.634808
41.241747
37.986610
178.472623
38.391976
4.051907
36.450385
35.979368
45.935334
36.033845
19.454453
45.279402
39.513545
334.281121
40.189662
13.785429
49.002696
40.955083
539.427714
41.886069
16.720777
49.831327
41.172490
561.076962
42.143795
11.567904
44.228412
39.082993
280.888442
39.684015
7.837414
42.074654
38.237200
194.963570
38.688620
7.992566
42.266437
38.335941
206.000612
38.804223
7.199448
39.442775
37.188316
111.236911
37.455302
3.198396
35.439872
35.533987
28.733202
35.511398
7.373665
41.414694
38.046528
183.120970
38.462655
10.257093
44.379929
39.190267
298.090396
39.808888
10.625293
43.293574
38.699977
238.501849
39.233467
9.212473
40.110617
37.450023
129.265833
37.763277
7.672770
38.495031
36.755812
81.555531
36.948378
3.289041
36.413091
35.949299
44.140481
35.999086
2.224869
35.427480
35.532287
28.773828
35.509287
7.469667
36.413625
35.905753
40.917534
35.949287
8.693195
39.891620
37.448088
134.673962
37.758561
8.327685
40.695630
37.745073
156.218096
38.108598
4.177642
37.338807
36.358871
63.797131
36.479506
3.465635
35.333947
35.495138
27.665956
35.465516
