0.660590
31.033952
33.565361
0.002728
33.202871
13.373038
46.199221
39.919592
393.746559
40.666616
10.255956
47.469945
40.391617
458.289421
41.222346
11.447288
43.621973
38.940683
275.886076
39.514070
0.660590
31.033952
33.565361
0.002728
33.202871
12.158344
44.643435
39.318723
317.662772
39.959259
9.786500
46.085421
39.901088
394.341387
40.644177
8.640013
43.722627
38.962846
276.868879
39.540391
11.055359
45.266617
39.564351
348.301695
40.248194
8.998744
47.899280
40.550394
480.960965
41.409449
10.276144
48.275137
40.640246
488.197163
41.515811
6.380890
42.548116
38.533820
233.993680
39.034957
12.729419
43.848549
39.042123
288.558196
39.633114
3.518024
45.497270
39.699869
370.574894
40.406831
7.401197
46.609547
40.092007
419.376594
40.868990
9.094546
45.147372
39.508759
340.469912
40.182857
9.741151
46.957002
40.219674
436.370320
41.019594
9.924164
48.252453
40.685603
501.567597
41.568562
5.973066
47.725696
40.418570
454.319862
41.254771
9.710442
44.318444
39.219488
308.524933
39.841970
13.070218
46.425878
40.016633
408.320018
40.780432
5.293017
47.354114
40.391648
463.848796
41.221508
7.075431
46.211559
39.968245
405.569614
40.722868
11.527208
45.598984
39.674821
360.426451
40.378547
10.924749
43.488695
38.886656
269.747786
39.450537
7.400962
44.729095
39.337352
318.522369
39.981387
13.682862
47.506284
40.386701
455.691004
41.216585
14.320508
44.877529
39.413879
329.558259
40.071200
11.621888
43.486506
38.890968
270.710373
39.455488
13.909521
46.300646
39.964946
400.849644
40.719672
3.985138
42.529328
38.526359
233.213580
39.026198
8.441855
41.193005
37.966560
177.826683
38.368416
0.660590
31.033952
33.565361
0.002728
33.202871
18.619277
47.270939
40.350174
456.484093
41.172946
10.083654
47.291017
40.310480
445.289210
41.126854
15.483410
43.742114
38.942464
271.796627
39.517214
0.660590
31.033952
33.565361
0.002728
33.202871
20.062025
49.148385
41.032787
557.232373
41.977123
16.388974
49.687744
41.195759
578.634988
42.169403
13.742169
45.342547
39.611792
356.103200
40.303781
16.473494
49.403943
41.122524
571.118654
42.082742
13.381261
51.157640
41.725483
666.836782
42.793014
9.093299
49.613097
41.184659
578.833116
42.156281
15.920250
46.752954
40.044754
400.722963
40.815560
24.162995
50.825287
41.616301
648.865707
42.664821
13.111862
51.877256
42.011293
720.274428
43.129908
3.590763
48.118817
40.642437
495.859844
41.517690
12.484316
46.775168
40.149137
426.227416
40.936646
20.378261
53.790700
42.675980
842.188407
43.912736
4.695345
50.007874
41.346675
608.187060
42.346562
12.494934
49.683366
41.172228
571.637606
42.142119
13.726554
46.333404
39.879512
378.467334
40.620939
15.195960
49.190200
41.021558
552.052708
41.964148
5.146748
49.663554
41.230196
589.955638
42.209548
10.906094
49.244157
41.072428
564.107494
42.023752
12.598140
47.936100
40.605001
494.658136
41.472791
16.367026
50.729721
41.609933
652.386476
42.656699
14.197582
50.591067
41.533857
635.788387
42.567359
14.486467
49.327069
41.019875
544.464341
41.963121
15.980437
45.906577
39.696438
352.504858
40.406116
18.853335
48.103513
40.560607
474.609550
41.422225
15.741190
51.083743
41.712114
665.393181
42.777785
15.736275
50.551916
41.490638
624.400181
42.516782
19.573093
49.932426
41.200641
568.323969
42.175929
