1.371995
31.128192
33.608164
0.009483
33.253040
14.273698
43.705687
38.961164
274.981832
39.538449
8.070440
42.109249
38.351259
213.240015
38.820481
10.266757
39.771208
37.369654
126.567488
37.667235
1.371995
31.128192
33.608164
0.009483
33.253040
9.181102
40.422506
37.670690
152.318945
38.020077
3.904454
38.108828
36.718952
85.238148
36.901314
3.228754
35.775979
35.713006
35.880395
35.720305
6.213265
40.186895
37.578256
145.113379
37.911302
8.826236
43.254601
38.780360
255.037681
39.325719
7.920234
42.486771
38.500664
227.972732
38.996248
7.476903
39.506447
37.263518
119.043632
37.542353
12.402297
42.047063
38.322482
210.157037
38.786692
4.325724
41.146411
37.979647
179.814365
38.382956
5.007027
39.469357
37.278238
121.910779
37.558802
7.736835
38.352819
36.778308
86.608215
36.972464
9.124549
43.349485
38.844753
264.376346
39.400935
3.542037
42.415297
38.487328
227.970917
38.980131
8.618752
43.287800
38.815882
260.749501
39.367144
12.443091
42.023670
38.282124
203.717443
38.740068
14.541989
44.479078
39.275344
312.260256
39.907888
5.488820
41.791152
38.233023
202.670695
38.681102
4.950627
39.019645
37.086354
108.066864
37.333450
7.013892
38.472961
36.831505
90.012511
37.034867
12.074836
42.764953
38.588701
235.058090
39.100289
12.282193
43.392781
38.851692
264.143549
39.409388
11.507963
42.901696
38.645033
241.005453
39.166561
15.029139
41.684503
38.140810
190.078004
38.574025
12.382105
41.267644
38.010056
181.110820
38.419235
3.920113
38.735282
36.985006
102.230060
37.213812
5.170965
37.140640
36.284929
60.300210
36.392270
7.397843
37.223659
36.304415
60.591529
36.415725
1.371995
31.128192
33.608164
0.009483
33.253040
17.380318
43.522903
38.911247
271.500529
39.479221
7.153461
41.690448
38.195901
199.382847
38.637404
11.681442
39.853828
37.432300
133.121553
37.739992
1.371995
31.128192
33.608164
0.009483
33.253040
12.109435
42.261898
38.392404
215.702596
38.869284
9.388735
43.512169
38.891544
267.809748
39.456471
17.999652
44.152076
39.127602
292.855932
39.734606
8.578014
42.097302
38.355787
214.514232
38.825501
9.308382
44.046693
39.112075
293.803991
39.715550
2.836249
41.538447
38.137271
194.116824
38.568357
12.239523
40.915893
37.855943
166.741768
38.238319
10.187000
41.519661
38.097490
187.954865
38.522404
7.309751
43.544681
38.916925
271.845474
39.485981
7.056690
42.692176
38.563076
232.662641
39.070128
6.798199
40.529681
37.686990
151.716475
38.040068
9.556284
44.401512
39.254248
310.769460
39.882778
4.351851
42.104424
38.367046
216.316412
38.838532
5.166140
40.443676
37.687450
154.230423
38.039591
11.403776
40.130524
37.537369
140.670318
37.863775
10.709474
42.849326
38.629957
240.004615
39.148620
3.195624
42.294612
38.441359
223.534924
38.926000
4.779697
41.002941
37.915259
173.639105
38.307421
8.598468
40.341602
37.593620
143.196458
37.930618
12.708818
43.839665
39.016486
281.513064
39.603402
6.605880
40.718571
37.797158
163.243176
38.168643
11.351978
40.957986
37.873175
168.187373
38.258636
10.751422
39.378681
37.219618
116.417621
37.490541
11.934187
42.774841
38.588239
234.654988
39.099824
10.982362
44.155621
39.159467
299.644020
39.771320
13.395795
44.238221
39.178195
300.455927
39.793686
10.680632
41.844487
38.225133
199.492545
38.672679
