1.321181
31.121460
33.605107
0.008841
33.249456
10.661885
41.052877
37.915553
172.342711
38.308253
6.611009
40.317044
37.610815
146.352853
37.950260
6.711099
37.767041
36.529989
72.255962
36.680830
1.321181
31.121460
33.605107
0.008841
33.249456
13.253598
45.176127
39.561758
349.133099
40.244613
8.227028
42.139321
38.349467
212.083447
38.818685
6.096000
37.946766
36.582300
74.137505
36.742868
14.871759
44.744381
39.375640
324.228182
40.025914
11.943139
44.966074
39.460405
334.413282
40.125730
6.285443
41.585341
38.111867
188.309128
38.539802
8.255830
38.440279
36.806731
87.985524
37.006125
12.447322
45.437531
39.666295
362.810443
40.367581
12.185704
48.620683
40.879067
536.129092
41.795330
7.778567
43.168891
38.708614
244.075713
39.242331
7.153618
38.429359
36.737613
80.748212
36.926738
17.282244
47.287514
40.342861
451.181724
41.164645
8.938456
45.027313
39.492796
339.298197
40.163694
6.489478
40.597556
37.718534
154.634580
38.077100
3.645390
36.363072
35.949621
44.780472
35.998737
14.859692
47.243064
40.353545
456.160528
41.176681
10.644448
47.401783
40.418394
466.212559
41.252907
7.509270
41.206041
37.928091
169.775506
38.324362
7.077496
37.634338
36.419962
64.089504
36.553188
8.913613
40.627361
37.718548
153.862880
38.077358
7.528121
40.372034
37.614780
145.457261
37.955394
5.208027
37.920586
36.604625
76.875150
36.768201
5.516434
35.562788
35.604172
31.487136
35.593169
10.118748
41.308669
38.031962
183.616067
38.444834
5.832348
40.905935
37.856227
167.173951
38.238553
5.801166
37.158156
36.266809
58.421860
36.371816
2.191899
33.978201
34.906829
12.207128
34.774994
1.321181
31.121460
33.605107
0.008841
33.249456
16.109978
46.074530
39.871614
385.245256
40.609991
14.076644
45.990873
39.819659
376.214306
40.549208
10.774856
40.542890
37.684883
151.171724
38.037745
1.321181
31.121460
33.605107
0.008841
33.249456
8.416042
41.296611
38.025883
182.977379
38.437714
9.182636
41.466744
38.060692
183.562034
38.479515
7.228649
38.315048
36.740949
83.466780
36.929051
21.257326
48.826014
40.885594
527.897882
41.804075
19.518014
50.169347
41.310501
585.809280
42.305324
8.404215
44.871543
39.314464
306.034488
39.956014
11.702371
40.861090
37.800691
159.783964
38.174279
16.622815
46.986682
40.257581
442.617086
41.063646
9.831921
47.345446
40.387659
460.576513
41.216886
6.724769
41.902195
38.210317
195.366121
38.656057
4.406617
36.880538
36.157445
53.538455
36.243137
8.810080
42.794389
38.522428
221.997311
39.024046
7.732751
41.688992
38.036519
173.200050
38.453701
8.089790
39.713345
37.219726
108.771440
37.494195
6.370292
37.020146
36.180812
53.271883
36.271658
22.077515
51.156520
41.795026
685.662804
42.874480
11.974240
48.654447
40.869378
531.735162
41.784215
4.593267
39.307195
37.188390
114.233810
37.453841
2.270441
34.060518
34.949301
13.205398
34.824581
8.833794
38.491790
36.763607
82.376138
36.957054
4.939708
36.752322
36.062519
47.779334
36.132917
7.685996
36.959867
36.104962
48.044549
36.184053
4.704432
34.871151
35.267804
20.187567
35.199620
15.477274
45.615757
39.680699
358.726626
40.385652
6.002443
42.743384
38.586180
235.500791
39.097128
4.762384
37.120316
36.262930
58.729079
36.366862
2.165658
33.339389
34.625099
7.206172
34.444456
