3.242898
31.376029
33.720730
0.053152
33.384976
14.229721
42.911180
38.656764
238.028732
39.180167
11.877894
42.737089
38.593748
232.093293
39.105892
13.086142
41.228674
37.984513
173.989733
38.389466
3.242898
31.376029
33.720730
0.053152
33.384976
13.701218
44.136605
39.134915
289.585822
39.742851
7.015071
44.344159
39.220984
299.989885
39.844023
6.894423
43.471757
38.884599
262.734201
39.448050
12.911728
45.196821
39.557475
341.041035
40.239871
10.913790
44.315907
39.207834
298.256995
39.828592
16.150837
42.739074
38.596668
232.589468
39.109258
6.697876
41.606631
38.133686
187.052547
38.564992
15.806385
43.023207
38.714412
245.194286
39.247667
8.095947
44.332200
39.211929
298.531846
39.833440
9.398778
44.157166
39.150528
292.137740
39.761026
10.589725
42.939759
38.677413
241.006212
39.204212
12.930610
44.586035
39.329925
314.316603
39.971873
6.404142
44.092493
39.124014
288.966295
39.729874
11.698183
42.606841
38.541521
226.777805
39.044452
16.657700
41.333768
38.024615
177.366622
38.436660
17.424473
44.839209
39.417278
323.651799
40.074934
9.669247
44.134950
39.137539
290.203364
39.745865
10.581508
43.535083
38.911963
265.922126
39.480208
10.312966
42.530133
38.516013
224.627728
39.014341
13.435586
43.908890
39.061036
282.695477
39.655554
16.361073
43.350195
38.832837
256.770269
39.387264
15.131608
41.906049
38.253282
198.071278
38.705633
15.226699
39.865877
37.431004
129.159754
37.738657
16.576883
43.518678
38.908847
265.909043
39.476446
7.605608
43.291249
38.812515
254.878059
39.363267
5.601886
43.648746
38.950098
269.500802
39.525220
11.186341
42.531904
38.512574
223.943727
39.010386
3.242898
31.376029
33.720730
0.053152
33.384976
16.740386
43.053376
38.719568
245.141654
39.253885
13.011580
44.675044
39.360670
317.587591
40.008147
13.674696
41.218600
37.990016
175.166440
38.395703
3.242898
31.376029
33.720730
0.053152
33.384976
13.208903
42.908332
38.679321
242.460961
39.206121
11.189033
42.632290
38.561017
229.534394
39.067171
17.443822
41.273070
38.012640
177.203687
38.422296
10.789080
45.646579
39.729036
362.432795
40.441879
18.695525
45.734886
39.763097
366.802028
40.481983
5.186270
44.785236
39.393609
320.498958
40.047154
10.774025
42.364805
38.445279
217.180028
38.931277
10.825095
43.715951
38.997123
276.659898
39.580069
10.795666
44.020672
39.111636
289.091280
39.714943
7.120829
43.738719
38.990917
274.531138
39.573119
6.725887
41.339247
38.043373
180.252805
38.458309
17.402334
45.581859
39.709984
360.679730
40.419296
7.689370
44.684159
39.356794
316.331964
40.003780
10.250810
44.201406
39.162772
293.035871
39.775561
11.678239
42.458015
38.484300
221.210129
38.977113
12.767391
44.481350
39.288961
309.436185
39.923669
6.301389
44.897038
39.415664
320.940292
40.073592
7.573549
43.310180
38.814043
254.461666
39.365247
6.700071
41.579343
38.131008
187.449145
38.561623
20.165378
45.457554
39.668711
356.115145
40.370602
11.851081
43.930061
39.060179
281.683445
39.654790
11.924646
43.360939
38.838254
257.451056
39.393618
10.288176
40.416147
37.662567
147.517345
38.010720
12.298186
43.878884
39.056640
282.921926
39.650198
16.987363
42.717207
38.583585
230.820795
39.094038
16.281337
42.300819
38.431103
216.758876
38.914288
15.067900
41.403306
38.071621
182.968395
38.491462
