1.230065
31.109390
33.599625
0.007754
33.243031
16.428033
45.071982
39.458911
329.861966
40.125065
9.555639
44.075652
39.074686
285.266715
39.672603
9.679985
40.843920
37.839721
166.595526
38.218886
1.230065
31.109390
33.599625
0.007754
33.243031
10.341358
42.562618
38.497421
225.314911
38.993084
11.935032
45.229755
39.539316
342.108870
40.219021
11.709954
44.133808
39.076287
283.468974
39.674910
8.371574
41.851572
38.254782
204.873782
38.706768
8.995491
44.180774
39.106503
287.926575
39.710303
8.883755
43.820816
38.959801
270.906374
39.537857
8.666169
41.058074
37.934973
175.501575
38.330654
14.665384
43.285597
38.802481
258.642476
39.351570
4.586130
43.373306
38.865721
268.178097
39.425297
5.609128
43.169167
38.777808
257.945132
39.322023
5.481154
41.264123
38.018368
182.932634
38.428727
14.961603
46.286247
39.925230
389.369278
40.673799
10.089025
43.852874
39.008507
279.648769
39.594427
1.230065
41.460544
38.092486
189.224075
38.516086
8.905841
41.238432
38.000933
180.843544
38.408397
12.865428
44.487694
39.273967
312.105003
39.906321
4.554435
44.072273
39.144810
300.218418
39.753593
7.522552
43.508840
38.915961
273.415400
39.484502
11.243957
43.137930
38.733583
250.381333
39.270698
12.941645
42.586266
38.525153
229.540761
39.025403
3.044992
40.112332
37.557715
144.428878
37.886866
14.945904
44.261553
39.195146
303.730789
39.813374
14.131666
42.747780
38.594900
237.183202
39.107280
14.719190
42.840151
38.619342
238.648074
39.136320
13.175110
43.863469
39.040069
285.899633
39.630883
4.329224
40.587795
37.745819
159.369778
38.108194
10.516411
40.677648
37.749041
157.314812
38.112870
1.230065
31.109390
33.599625
0.007754
33.243031
14.197809
43.402897
38.866600
267.233046
39.426621
6.494075
42.481053
38.510093
230.342408
39.006999
12.963995
40.428139
37.648395
149.045432
37.994635
1.230065
31.109390
33.599625
0.007754
33.243031
14.857839
44.620856
39.297916
312.176579
39.935071
12.161513
44.852037
39.401358
325.851479
40.056633
12.842820
42.687400
38.563746
233.426983
39.070736
17.103813
46.496997
40.059379
413.846498
40.830542
5.596899
45.262001
39.615081
358.407772
40.306918
14.007103
46.127790
39.884517
386.221943
40.625487
4.238897
39.417103
37.238950
118.228106
37.513190
18.455320
46.031278
39.838372
379.174392
40.571301
10.953705
46.826091
40.138299
419.259797
40.924318
2.785214
43.748816
38.976469
276.742557
39.556683
10.066442
42.992643
38.678797
244.626102
39.206415
9.320215
46.155320
39.948653
401.114233
40.699777
4.471083
44.805042
39.436785
335.886440
40.097087
13.765650
45.551584
39.650879
354.546628
40.350773
8.310268
39.853303
37.405429
129.589411
37.709274
7.992566
42.735586
38.615615
241.584059
39.131016
7.220257
45.632848
39.718941
367.181574
40.430201
16.580478
48.387764
40.711802
499.967252
41.599899
13.527997
46.111372
39.916420
395.037349
40.662111
16.111541
47.993922
40.614170
492.028583
41.483899
14.265901
46.912956
40.199373
431.109588
40.995671
7.136104
41.707059
38.179790
196.309173
38.619148
6.135713
37.848500
36.575644
75.465895
36.734037
9.687842
41.806915
38.210810
198.656837
38.655675
14.182424
46.348029
39.939804
390.432824
40.691007
12.933391
46.740577
40.094444
412.105138
40.872749
10.958696
44.266679
39.151154
294.248714
39.762470
