3.242898
31.376029
33.720730
0.053152
33.384976
7.125901
38.288180
36.796280
87.288394
36.992107
10.847271
40.187077
37.561366
138.980326
37.892002
11.713236
37.874216
36.574888
72.191262
36.733555
3.242898
31.376029
33.720730
0.053152
33.384976
6.632692
38.531673
36.891506
92.820285
37.104207
6.432046
37.700101
36.539299
71.996503
36.690497
5.092979
34.906155
35.332212
21.861017
35.273440
11.316092
39.943639
37.471153
132.717447
37.785602
3.824613
38.829783
37.023746
101.755529
37.259361
16.648398
42.173442
38.337060
204.028578
38.804872
5.336975
36.381585
35.966775
43.933525
36.018516
9.390051
39.925927
37.454582
130.864046
37.766400
7.067744
40.876556
37.861495
164.801428
38.244270
8.992765
38.683693
36.930368
93.959558
37.150642
9.785277
36.450299
35.957642
42.216170
36.009140
6.248153
39.181675
37.169619
111.599430
37.430806
4.981544
39.275975
37.211120
114.637868
37.479511
10.296438
40.614348
37.735853
152.893614
38.097163
15.778436
38.887728
37.009555
98.688473
37.243912
11.950140
42.627693
38.540516
225.888873
39.043495
11.089877
42.662055
38.571082
230.426576
39.079029
10.135820
38.671530
36.914985
92.445057
37.132890
9.601084
36.588395
36.020799
44.984653
36.083141
7.096133
37.832345
36.603137
75.912790
36.765234
9.687223
39.142788
37.138075
108.519440
37.394228
14.314975
40.414731
37.638779
144.023114
37.983451
15.270306
38.263941
36.752915
82.991536
36.942258
10.157561
39.649721
37.348541
123.462357
37.641539
6.071298
38.224041
36.764072
85.076079
36.954433
4.867096
35.201276
35.459029
25.574672
35.422350
9.991960
35.645599
35.621104
29.980212
35.613721
3.242898
31.376029
33.720730
0.053152
33.384976
16.976268
42.235731
38.388514
211.241568
38.864594
12.189149
40.947821
37.878570
165.352368
38.264739
13.657521
39.688912
37.364284
124.599661
37.660043
3.242898
31.376029
33.720730
0.053152
33.384976
12.851856
40.204921
37.575927
140.633536
37.908858
10.920405
39.736058
37.370274
124.201208
37.667488
10.886552
37.572853
36.477482
68.277464
36.618189
10.687648
41.841282
38.251680
199.857089
38.703125
19.064276
45.142716
39.495285
329.084486
40.167529
4.946672
40.136629
37.557907
139.880086
37.887390
10.864688
39.032149
37.092094
105.415355
37.340171
9.871705
39.068589
37.102927
105.907640
37.353020
10.380478
41.129836
37.945105
170.606383
38.343100
5.784546
38.105506
36.710287
81.684651
36.891380
5.448607
35.767857
35.708854
34.086414
35.715457
16.910653
45.290120
39.573812
341.003706
40.259493
7.443624
42.109308
38.358385
209.992132
38.828645
9.800927
40.083814
37.524659
136.498253
37.848697
11.426895
38.744106
36.965023
96.642444
37.191122
12.488973
40.961664
37.881296
165.427364
38.267956
5.653121
39.896754
37.466560
133.300394
37.779791
5.719962
38.011131
36.678768
80.252997
36.854077
5.206766
35.685428
35.675243
32.940402
35.675923
20.873008
45.377034
39.582396
339.454597
40.270093
11.647752
40.932358
37.864944
163.645497
38.248942
11.493350
39.495972
37.270151
116.835502
37.549957
10.143130
37.670136
36.511876
69.801705
36.658836
11.893987
40.300392
37.610849
143.118032
37.950015
10.502060
40.120718
37.541858
137.992009
37.868814
9.893353
39.034624
37.086870
104.701354
37.334240
8.597253
36.973053
36.217528
55.006377
36.313049
