0.625822
31.029347
33.563270
0.002514
33.200420
1.347290
37.337071
36.369839
65.565124
36.492002
10.635351
43.280910
38.733950
246.897111
39.272581
0.889977
36.683311
36.081270
51.077333
36.153482
0.625822
31.029347
33.563270
0.002514
33.200420
4.913586
39.952530
37.468597
136.988878
37.782851
3.730681
40.152723
37.534746
141.079347
37.861094
2.613421
36.389583
35.955865
45.570709
36.006218
1.327516
36.496362
36.024911
49.452086
36.086442
11.193671
49.118520
41.048937
563.864762
41.995607
20.819281
55.890653
43.382538
978.890762
44.745550
9.459218
44.557190
39.235816
302.712925
39.863027
4.203410
39.770788
37.383806
129.896873
37.683439
15.621032
51.461747
41.911133
710.647635
43.011077
15.889080
52.956985
42.411488
795.749684
43.601520
7.315302
42.965235
38.594601
231.157361
39.109079
4.678543
39.652034
37.342052
127.259257
37.634100
21.881960
55.263156
43.251211
967.804506
44.590015
26.065049
59.049168
44.508497
1235.674531
46.071831
6.981871
44.294873
39.129172
290.336536
39.737283
5.848440
41.206803
37.966441
177.467070
38.368426
20.943149
55.024526
43.180391
955.341260
44.506518
19.313452
57.828910
44.077316
1133.642747
45.564079
10.454705
46.915357
40.112613
410.580058
40.895454
0.625822
35.301495
35.505772
29.128544
35.477097
8.062938
42.820786
38.620686
241.280314
39.137556
8.193211
43.921002
39.020776
281.502975
39.609071
4.604349
37.995372
36.592673
75.256835
36.755206
2.152498
36.157145
35.871319
42.586575
35.906368
7.011095
42.973475
38.695234
250.297234
39.224986
10.068338
46.869862
40.140063
419.759182
40.926802
9.201624
42.575869
38.435479
214.780567
38.922187
0.625822
31.029347
33.563270
0.002514
33.200420
2.555442
38.211339
36.739483
86.405394
36.926173
9.620417
44.235444
39.146737
296.063177
39.757307
5.898449
40.927287
37.831064
164.166826
38.209739
0.625822
31.029347
33.563270
0.002514
33.200420
5.437963
41.737907
38.185488
197.837353
38.625891
13.633692
46.061517
39.861144
385.503365
40.597878
3.217932
38.834725
36.997039
102.596179
37.228838
2.113925
37.531791
36.455233
70.237186
36.592179
9.623102
48.745969
40.887754
534.964065
41.806385
19.681889
58.663702
44.370410
1201.302557
45.909565
13.300628
50.236710
41.449912
628.291683
42.467944
2.041158
39.961057
37.473872
137.536636
37.788966
23.186399
57.879442
44.066055
1125.272999
45.551068
26.580087
61.307500
45.175532
1373.374423
46.858813
10.604137
46.540138
39.990679
396.484007
40.751548
7.599926
41.942702
38.287223
209.106635
38.745035
16.474650
54.466000
42.989385
917.373147
44.281339
26.935896
63.568358
46.055268
1629.596107
47.894466
17.365322
52.834861
42.395399
798.452974
43.581612
10.270333
45.042415
39.441148
329.275111
40.103992
27.818314
63.438586
45.903483
1563.076699
47.715989
35.864750
63.976691
46.114030
1625.052418
47.964513
4.633826
43.882030
39.012536
280.971752
39.599485
2.770011
37.623203
36.495459
72.497231
36.639388
6.286133
44.543309
39.274431
312.037435
39.907166
12.726753
50.115615
41.368105
609.362510
42.372021
8.020039
43.956721
39.028412
281.918207
39.618040
0.900454
38.292576
36.776012
88.766677
36.968993
17.491759
50.579612
41.481071
619.190754
42.506359
4.140396
44.809909
39.386087
326.000093
40.038634
1.873004
36.774100
36.130301
53.757484
36.210641
