1.273996
31.115210
33.602268
0.008268
33.246129
6.752159
37.737039
36.502945
70.267971
36.649364
2.213718
38.088848
36.694769
83.124024
36.873448
3.298628
36.961393
36.221832
57.843407
36.317757
1.273996
31.115210
33.602268
0.008268
33.246129
3.501889
35.965797
35.783068
38.244540
35.803008
3.672893
40.334783
37.623457
147.853710
37.964933
5.166318
41.141931
37.956232
176.280570
38.356063
1.897027
34.435950
35.116436
17.125259
35.020605
7.017637
42.990549
38.685072
245.996576
39.213420
24.539102
52.800942
42.388401
794.248900
43.573499
24.904589
48.171822
40.660601
496.085475
41.538998
2.044658
34.693101
35.223732
19.770697
35.146735
8.605426
45.913510
39.769788
367.116934
40.491369
35.174109
62.454425
45.629070
1498.416116
47.392904
43.412612
61.945265
45.504302
1476.996483
47.245723
1.348136
34.116903
34.978921
13.960884
34.859144
16.065315
44.827791
39.425349
332.180373
40.084093
12.806566
47.593649
40.462297
469.158362
41.305163
4.389343
40.577288
37.745533
159.536309
38.107748
1.754727
35.959648
35.785979
38.542121
35.806218
29.188282
54.184271
42.858440
881.296292
44.127683
44.859559
63.615222
46.030695
1607.003901
47.866077
4.890438
46.185337
39.913038
390.492666
40.659013
1.680333
32.615692
34.297199
3.134784
34.060094
2.087119
34.990218
35.365058
24.062224
35.312132
2.313661
35.769015
35.707487
35.679796
35.713922
3.000992
34.177628
35.007505
14.635869
34.892607
1.273996
32.659551
34.318332
3.351321
34.084815
1.273996
37.018893
36.240877
58.538397
36.340333
4.627833
39.742588
37.384896
129.580859
37.684365
2.710618
35.108967
35.413449
25.444152
35.369065
1.273996
31.115210
33.602268
0.008268
33.246129
9.743641
40.686843
37.727665
153.682972
38.088465
3.820749
41.716610
38.162638
192.934414
38.599556
4.562592
39.142352
37.141063
112.202066
37.397654
1.273996
31.115210
33.602268
0.008268
33.246129
12.582591
40.456113
37.639099
146.808512
37.984279
3.801829
39.679876
37.349824
126.391433
37.643400
3.329349
37.040128
36.249729
58.976198
36.350707
2.644399
37.002332
36.241191
58.866345
36.340430
20.387964
53.492797
42.599404
828.336175
43.822590
37.267560
65.444771
46.608676
1757.118285
48.547321
34.563820
55.559602
43.357999
986.258641
44.716110
2.853154
35.742353
35.686933
34.632496
35.690139
11.452774
46.089368
39.836105
375.800707
40.569275
23.303472
53.821444
42.680047
838.184699
43.917774
19.685697
49.042935
40.943751
533.943619
41.873032
2.213920
37.123426
36.286391
60.829746
36.393756
27.994038
55.848556
43.420964
992.484843
44.790604
40.646231
63.960606
46.108939
1619.559956
47.958188
10.584567
47.582849
40.464596
469.971550
41.307990
2.277275
35.990102
35.796582
38.874838
35.818749
20.989812
48.999002
40.967258
543.085489
41.900004
29.982812
54.506106
42.927638
887.791929
44.209390
6.724999
43.240242
38.785147
256.592069
39.331284
1.821518
34.543984
35.165149
18.381492
35.077725
7.829447
41.530715
38.102997
188.644754
38.528996
4.444821
41.358797
38.044529
184.212044
38.459890
3.976071
36.770995
36.137830
53.718913
36.219227
2.320634
33.900253
34.871298
11.493994
34.733359
4.664112
38.061503
36.659819
79.924367
36.833135
3.477553
38.525630
36.871014
93.559672
37.080714
2.836417
35.238903
35.475297
27.539250
35.441456
