0.625822
30.762352
33.436037
0.002182
33.052852
1.339963
37.014684
36.231765
56.907936
36.329523
10.533695
42.906326
38.586744
214.296934
39.097505
0.887294
36.366665
35.944311
44.333106
35.992536
0.625822
30.762352
33.436037
0.002182
33.052852
4.870039
39.607175
37.326278
118.900931
37.614524
3.699148
39.805610
37.392172
122.451297
37.692413
2.593236
36.075517
35.819390
39.553574
35.845939
1.320389
36.181358
35.888169
42.922456
35.925800
11.086345
48.692672
40.892788
489.412327
41.808196
20.614198
55.405334
43.217375
849.638491
44.545681
9.369507
44.171398
39.086671
262.742855
39.685277
4.167076
39.427029
37.241815
112.745352
37.515562
15.468742
51.015321
41.751653
616.814060
42.819066
15.734068
52.497429
42.250076
690.679275
43.406833
7.247365
42.593423
38.447932
200.635453
38.934744
4.637384
39.309318
37.200222
110.456006
37.466447
21.666085
54.783348
43.086555
840.016060
44.390850
25.806691
58.536112
44.338984
1072.516654
45.865954
6.917320
43.911384
38.980439
252.000638
39.560102
5.795400
40.850433
37.822200
154.034403
38.197446
20.736809
54.546813
43.016008
829.198455
44.307731
19.123662
57.326570
43.909469
983.957098
45.360502
10.354884
46.508857
39.960081
356.367263
40.713027
0.625822
34.996984
35.371036
25.282425
35.319216
7.987408
42.450242
38.473917
209.421776
38.963092
8.116357
43.540797
38.872462
244.333456
39.432471
4.563943
37.667205
36.453738
65.319958
36.591535
2.136994
35.845120
35.735170
36.963464
35.746542
6.946247
42.601591
38.548177
217.248106
39.050126
9.972440
46.463761
39.987425
364.334380
40.744233
9.114529
42.207477
38.289426
186.421043
38.748698
0.625822
30.762352
33.436037
0.002182
33.052852
2.535845
37.881275
36.599981
74.996467
36.761727
9.529069
43.852477
38.997936
256.971136
39.580035
5.844900
40.573372
37.687345
142.490316
38.039478
0.625822
30.762352
33.436037
0.002182
33.052852
5.389092
41.376873
38.040400
171.715003
38.453745
13.501585
45.662515
39.709583
334.601684
40.416799
3.191607
38.499186
36.856542
89.049428
37.063021
2.098812
37.207694
36.316829
60.963101
36.429246
9.531727
48.323392
40.732228
464.327664
41.619831
19.488358
58.154031
44.201431
1042.683139
45.704423
13.171904
49.801043
41.292214
545.332348
42.278393
2.026784
39.615627
37.331533
119.376364
37.620612
22.957276
57.376658
43.898251
976.692488
45.347549
26.316498
60.774612
45.003442
1192.034718
46.649370
10.502798
46.136933
39.838618
344.132448
40.569772
7.529098
41.579870
38.141743
181.496294
38.572349
16.313691
53.993192
42.825740
796.243634
44.083574
26.668693
63.015616
45.879780
1414.425013
47.680332
17.195317
52.376377
42.234049
693.025623
43.387016
10.172384
44.652362
39.291209
285.797782
39.925150
27.542150
62.886984
45.728582
1356.688796
47.502663
35.506867
63.420363
45.938315
1410.481270
47.750062
4.593121
43.502167
38.864253
243.872376
39.422928
2.748235
37.298304
36.356899
62.924731
36.476241
6.228647
44.157639
39.125137
270.836160
39.729216
12.603857
49.681010
41.210723
528.902574
42.182904
7.944944
43.576202
38.880068
244.693861
39.441400
0.897664
37.961798
36.636369
77.045967
36.804353
17.320470
50.140933
41.323253
537.433102
42.316634
4.104702
44.421897
39.236361
282.955196
39.860088
1.860338
36.456657
35.993152
46.659372
36.049437
