version: 1
creator: callgrind-3.10.0.SVN
pid: 14914
cmd:  ./modelo
part: 1


desc: I1 cache: 
desc: D1 cache: 
desc: LL cache: 

desc: Timerange: Basic block 0 - 54050
desc: Trigger: Program termination

positions: line
events: Ir
summary: 576300


ob=(2) ???
fl=(14) ???
fn=(264) 0x00000000004004c0
0 5
cob=(5) /home/gcastilhos/Desktop/HotSpot-6.0/modelo
cfi=(59) ???
cfn=(268) __gmon_start__
calls=1 0 
0 62829
0 2

fn=(206) 0x0000000004a25560
0 6

ob=(1) /lib/x86_64-linux-gnu/ld-2.19.so
fl=(8) /build/buildd/eglibc-2.19/elf/../sysdeps/unix/sysv/linux/x86_64/brk.c
fn=(14) brk
31 1
-3 1
+3 6
+8 1
-6 2
+7 1

fl=(29) /build/buildd/eglibc-2.19/elf/dl-error.c
fn=(90) _dl_catch_error
163 6
+15 3
-3 6
+1 6
-13 6
+14 6
+1 3
+2 3
cfi=(2) /build/buildd/eglibc-2.19/elf/rtld.c
cfn=(92) _dl_initial_error_catch_tsd
calls=3 798 
* 6
+2 3
-1 3
+4 3
-5 3
+2 3
+3 3
-4 3
+4 3
cfi=(30) /build/buildd/eglibc-2.19/setjmp/../sysdeps/x86_64/setjmp.S
cfn=(94) __sigsetjmp
calls=3 26 
* 57
* 9
+2 9
cfi=(33) /build/buildd/eglibc-2.19/elf/dl-deps.c
cfn=(122) openaux
calls=2 60 
* 8198
cfi=(2)
cfn=(96) map_doit
calls=1 625 
* 2458
+1 6
+2 3
+1 3
-3 3
+1 6
+1 3
+1 3
+8 12

fn=(138) _dl_receive_error
205 10
+1 1
cfi=(2)
cfn=(92)
calls=1 798 
* 2
+5 1
-1 1
-4 1
+9 1
+2 1
-3 1
+3 1
cfi=(2)
cfn=(140) version_check_doit
calls=1 657 
* 2346
+2 1
+1 1
+1 8

fl=(13) /build/buildd/eglibc-2.19/elf/dl-object.c
fn=(28) _dl_new_object
61 42
+1 3
cfi=(9) /build/buildd/eglibc-2.19/string/../sysdeps/x86_64/multiarch/../rtld-strlen.S
cfn=(18) strlen
calls=3 -36 
* 154
+6 3
-6 12
+6 33
+7 12
cfi=(15) /build/buildd/eglibc-2.19/elf/dl-minimal.c
cfn=(32) calloc
calls=3 +27 
* 134
* 3
+3 3
-3 3
+3 3
+4 3
+5 6
-6 3
+6 3
-5 3
+4 6
+1 3
cfi=(16) /build/buildd/eglibc-2.19/string/../sysdeps/x86_64/multiarch/../memcpy.S
cfn=(42) memcpy
calls=3 -26 
* 88
* 3
+10 6
-8 3
+9 3
-1 6
+1 6
-1 3
+1 6
+3 3
-3 3
+3 3
+9 3
-7 3
+4 3
+3 8
+2 2
-2 2
+2 30
-2 30
+12 3
+6 3
-5 3
-1 3
+6 9
-2 3
+2 6
+2 6
+3 7
+4 6
+4 6
+2 1
+6 1
+3 2
+3 5
-3 4
+3 10
+2 2
+4 2
-4 2
cfi=(9)
cfn=(18)
calls=2 26 
* 144
* 4
+4 2
-4 2
+4 6
+64 4
+4 24
-88 6
-39 7
+39 3
+70 6
cfi=(24) /build/buildd/eglibc-2.19/string/../sysdeps/x86_64/memcpy.S
cfn=(66) mempcpy
calls=2 61 
* 71
* 2
+5 40
+1 40
-1 40
+1 42
-1 2
+1 6
+5 4
-57 4
cfi=(15)
cfn=(36) malloc
calls=2 -72 
* 68
* 2
+1 2
-1 2
+1 6

fn=(44) _dl_add_to_namespace_list
32 6
+2 3
-2 9
+2 3
cfi=(2)
cfn=(46) rtld_lock_default_lock_recursive
calls=3 838 
* 6
+2 22
+4 3
-1 15
+2 2
+2 2
+4 2
+4 2
-4 4
+1 4
+1 4
+2 2
+1 6
-1 2
cfi=(2)
cfn=(48) rtld_lock_default_unlock_recursive
calls=2 844 
* 4
-4 1
+4 1
-4 2
+1 2
+1 2
+2 1
+1 3
-1 1
cfi=(2)
cfn=(48)
calls=1 844 
* 2
-5 2

fl=(36) /build/buildd/eglibc-2.19/elf/dl-tls.c
fn=(190) _dl_add_to_slotinfo
831 3
+9 1
-9 1
+6 2
+8 5
+41 1
+1 3
+1 4

fn=(136) _dl_next_tls_modid
50 1
+3 3
+48 2
+4 2

fn=(150) _dl_determine_tlsoffset
112 7
+6 3
+3 2
+36 1
-34 1
+34 2
+2 3
-2 1
-2 1
-40 1
-1 1
-1 2
+44 6
+5 1
-1 1
+5 2
-4 1
-1 1
+7 1
-7 1
+3 2
+2 1
+2 1
-2 2
+16 5
+2 1
+1 1
-1 2
+10 1
-12 4
+15 4
+1 1
+51 1
+1 8

fn=(192) _dl_allocate_tls_init
376 7
+1 1
-1 1
+1 1
+4 2
+3 1
-1 1
-2 1
+8 3
+5 7
+6 7
+22 2
+1 4
+2 2
+9 1
-8 1
+8 2
-8 1
+8 1
+1 1
+1 3
cfi=(24)
cfn=(66)
calls=1 61 
* 23
* 5
cfi=(26) /build/buildd/eglibc-2.19/string/../sysdeps/x86_64/rtld-memset.S
cfn=(70) memset
calls=1 30 
* 166
* 3
-42 5
+6 2
+3 1
+1 2
+6 1
+3 1
-3 2
+3 1
-1 2
+38 2
+2 1
+1 8

fn=(152) _dl_allocate_tls_storage
328 1
+13 1
-13 2
+2 1
+11 2
cfi=(15)
cfn=(40) __libc_memalign
calls=1 51 
* 51
* 1
+1 1
-1 1
+1 1
+7 1
+4 306
-58 1
+1 1
-1 1
+1 2
cfi=(15)
cfn=(32)
calls=1 102 
* 43
* 1
+1 2
+9 1
-6 1
+6 1
+64 5

fl=(25) /build/buildd/eglibc-2.19/misc/../sysdeps/unix/syscall-template.S
fn=(68) mmap
81 45
+1 9

fn=(114) mprotect
81 24
+1 6

fn=(198) munmap
81 4
+1 1

fl=(33)
fn=(120) _dl_map_object_deps
147 1
+1 1
-1 2
+1 1
-1 1
+1 1
-1 1
+1 2
-1 5
+1 1
-1 1
+1 2
+14 1
-2 1
+1 1
-13 1
+14 1
+6 3
+10 1
-10 1
+10 3
-14 1
-4 1
+2 1
+17 1
-17 1
-2 2
+2 1
-2 1
+2 1
-2 1
+1 1
+1 1
+6 3
+10 1
-10 1
+10 3
-16 3
+20 1
+21 1
+1 1
-22 2
+19 1
-12 1
+15 1
-16 1
+13 1
343 9
209 1
+8 1
-4 1
+4 1
-8 3
+8 3
-4 3
+4 3
+12 8
+2 2
+11 2
-5 2
-6 4
+5 2
+2 4
+1 4
+3 8
-32 2
+32 4
+50 4
+1 3
-51 180
+1 90
+6 10
cfi=(27) /build/buildd/eglibc-2.19/string/../sysdeps/x86_64/multiarch/../strchr.S
cfn=(72) index
calls=2 24 
* 70
* 4
+5 10
-3 2
+3 2
cfi=(29)
cfn=(90)
calls=2 -91 
* 8320
+2 6
+15 2
+2 4
+5 2
+6 2
-6 4
+3 2
+1 2
+1 2
+1 2
+4 10
-2 8
-57 8
-19 2
471 8
+2 6
+3 4
-1 2
cfi=(15)
cfn=(36)
calls=2 93 
* 89
* 2
+2 2
-2 2
+2 2
+3 2
+1 8
+1 2
-1 4
cfi=(16)
cfn=(42)
calls=2 61 
* 41
+1 8
cfi=(16)
cfn=(42)
calls=2 61 
* 41
+4 2
-1 2
+5 16
+3 9
-1 4
+1 8
202 1
497 6
+1 2
+3 5
+11 3
-1 1
cfi=(15)
cfn=(36)
calls=1 93 
* 34
* 1
+3 1
-3 1
+3 1
+5 7
+1 4
+2 9
+6 9
+4 3
-10 3
+10 3
-10 7
+6 3
+4 1
-10 1
+10 1
-10 3
+13 2
+51 6
+2 3
+42 2
+1 1
-1 6
+1 1
cfi=(26)
cfn=(70)
calls=1 30 
* 14
* 1
-2 10
+13 1
-6 1
-1 1
+1 1
+6 2
-13 6
+13 2
-6 2
-1 2
+1 2
+6 6
+2 8
+1 4
-1 4
+1 4
+3 6
-1 9
+23 3
-28 6
+31 9
+3 20
cfi=(26)
cfn=(70)
calls=2 30 
* 18
* 15
217 8
+1 17
+2 2
+2 6
+2 26
658 2
+25 2
+2 1
+1 1
-1 1
+2 3
+7 3
+3 2
+3 8
295 129
623 7
cfi=(16)
cfn=(42)
calls=1 61 
* 28
+2 1
-38 1
+38 2

fn=(122)
60 4
+7 2
-4 6
+1 2
-1 2
+1 2
-1 10
cfi=(21) /build/buildd/eglibc-2.19/elf/dl-load.c
cfn=(98) _dl_map_object
calls=2 2317 
* 8164
* 2
+5 4

fl=(28) /build/buildd/eglibc-2.19/elf/dl-debug.c
fn=(84) _dl_debug_initialize
50 8
+5 6
+5 2
-1 1
+1 2
+1 2
-1 2
-9 4
+4 8
+4 1
-1 1
-58 4

fn=(86) _dl_debug_state
74 2

fl=(10) /build/buildd/eglibc-2.19/elf/../misc/sbrk.c
fn=(20) sbrk
34 4
+8 6
+4 2
+11 5

fl=(20) /build/buildd/eglibc-2.19/posix/../sysdeps/unix/syscall-template.S
fn=(58) uname
81 4
+1 1

fl=(19) /build/buildd/eglibc-2.19/elf/../sysdeps/unix/sysv/linux/dl-sysdep.c
fn=(56) _dl_discover_osversion
45 7
+2 3
+85 8
-45 3
cfi=(20)
cfn=(58)
calls=1 -6 
* 5
* 1
+15 1
-15 1
+20 1
-1 1
+3 12
+4 3
-2 6
+2 10
+2 1
+1 2
-3 4
+7 3
-1 3
+4 3
-2 3
+2 10
+5 2

fl=(1) ???
fn=(0) 0x00000000000012d0
0 2
cfi=(2)
cfn=(2) _dl_start
calls=1 362 
0 98431
0 14
cfi=(48) /build/buildd/eglibc-2.19/elf/dl-init.c
cfn=(202) _dl_init
calls=1 86 
0 1801
0 3
cob=(5)
cfi=(59)
cfn=(242) 0x0000000000400560
calls=1 0 
0 476049

fl=(12) /build/buildd/eglibc-2.19/string/../string/memcmp.c
fn=(26) bcmp
315 12
+3 12
-3 60
+4 12
-4 12
+7 24
+4 12
+2 1
+1 1
+1 1
+1 1
+2 2
-5 1
+1 1
+1 1
+1 1
+2 2
+2 2
-9 6
+16 4
+1 8
-1 8
129 14
-18 6
346 4
+4 2
+2 2
-2 4
+1 2
+5 20
+2 9
+1 9
+1 9
+3 96
-3 54
-2 54
+1 54
+4 108
-7 124
+12 9
+1 96
228 2
-7 2
+1 2
+4 2
+2 2
-6 2
+4 2
+2 10
-95 2
+1 2
+1 2
+1 2
+1 2
+48 2
-2 2
+1 2
+1 14
-80 2
+1 4
+4 4
-5 8
+1 16
+4 18
234 2
+2 2
-4 2
+1 2
+4 2
-2 2
+56 4
-2 2
+2 4
-1 2
+1 4
+1 4
+12 12
+1 4
-6 4

fl=(32) /build/buildd/eglibc-2.19/io/../sysdeps/unix/sysv/linux/wordsize-64/fxstat.c
fn=(112) _fxstat
34 3
-1 3
+1 3
+1 18
+4 3

fl=(16)
fn=(42)
61 15
+2 15
+2 15
+3 13
+1 13
+2 3
+1 3
+2 3
+1 3
+5 3
+1 3
-1 10
+1 10
+2 5
+1 5
+2 5
+1 10
+5 5
+1 5
-1 8
+1 8
+2 2
+1 2
+2 2
+1 2
+5 2
+1 2
-1 11
+1 11
+2 6
+1 6
+2 6
+1 6
+5 6
+1 6
-1 7
+1 13
+5 6
+1 6
+1 6
+1 6
+2 6
+2 6
+1 6
+2 6
+8 13
+8 6
+6 6
+2 6
+1 6
+3 3
+1 6
+5 3
+1 3
+2 3
+2 3
+1 3
+2 3
-8 7
+1 7
+2 7
+2 7
+1 7
+2 10
+9 3
+1 3
-1 3
+1 3
+3 6
+1 6
+1 6
+5 5
+2 5
+1 5
+1 5
+1 5
+2 5
+1 5
+1 5
+1 5
+2 5
+1 5
+2 5
+22 6
+6 6
+1 6
+2 2

fl=(9)
fn=(18)
26 17
+1 17
+1 17
+1 17
+2 9
+1 9
+2 9
+1 9
-1 29
+1 29
+1 37
+1 37
+1 37
+2 32
+5 16
+1 16
+1 16
+1 16
+3 16
-6 4
+1 4
+1 4
+1 4
+3 4
+1 18
+1 18
+1 18
+2 18
+3 15
+1 15
+1 15
+1 15
+3 15
+1 10
+1 10
+1 10
+2 10
+3 8
+1 8
+1 8
+1 8
+3 8
+1 7
+1 7
+1 7
+2 7
+3 7
+1 7
+1 7
+1 7
+3 7
+1 5
+1 5
+1 5
+2 6
+3 1
+2 1
+1 1
-3 15
+2 15
+1 15
+1 14
+2 14
+1 14
+1 11
+2 11
+1 11
+1 8
+2 8
+1 8
+1 8
+2 8
+2 8
+1 8
+1 8
+2 8
+1 8
+1 6
+2 6
+1 6
+1 5
+2 5
+1 5
-1 12
+1 12

fl=(11) /build/buildd/eglibc-2.19/elf/dl-environ.c
fn=(24) _dl_next_ld_env_entry
30 3
+3 11
+2 176
+11 86
-13 258
-2 1
+19 1
-14 56
+5 2
-3 2
+3 2
+2 2

fl=(31) /build/buildd/eglibc-2.19/elf/dl-misc.c
fn=(100) _dl_name_match_p
288 185
+1 74
cfi=(17) /build/buildd/eglibc-2.19/string/../sysdeps/x86_64/multiarch/../strcmp.S
cfn=(50) strcmp
calls=37 131 
* 266
* 37
+1 37
-1 37
+3 37
+2 74
+4 38
-4 76
+1 123
cfi=(17)
cfn=(50)
calls=41 131 
* 692
* 82
-5 3
+11 49
-1 34
+1 136

fn=(132) _dl_sysdep_read_whole_file
45 1
+7 1
-7 3
+7 1
-7 1
+1 1
-1 2
+7 1
cfi=(23) /build/buildd/eglibc-2.19/io/../sysdeps/unix/syscall-template.S
cfn=(104) open
calls=1 +29 
* 5
+1 1
-1 1
+1 1
+2 4
cfi=(32)
cfn=(112)
calls=1 -21 
* 10
* 2
+2 1
+3 1
-3 1
+3 1
+13 2
cfi=(23)
cfn=(118) close
calls=1 +8 
* 5
+3 7
-14 6
cfi=(25)
cfn=(68)
calls=1 +19 
* 6
* 2

fl=(26)
fn=(70)
30 10
+1 10
+1 10
+1 2144
+1 10
+1 10

fl=(60) /build/buildd/eglibc-2.19/elf/../sysdeps/x86_64/dl-trampoline.S
fn=(250) _dl_runtime_resolve
34 6
+2 6
+1 6
+1 6
+1 6
+1 6
+1 6
+1 6
+1 6
+1 6
+1 6
cfi=(61) /build/buildd/eglibc-2.19/elf/../elf/dl-runtime.c
cfn=(252) _dl_fixup
calls=6 +21 
* 5068
+1 6
+1 6
+1 6
+1 6
+1 6
+1 6
+1 6
+1 6
+1 6
+2 6

fl=(35) /build/buildd/eglibc-2.19/elf/dl-cache.c
fn=(196) _dl_unload_cache
309 4
-1 1
+3 2
cfi=(25)
cfn=(198)
calls=1 81 
* 5
+1 1
+2 2

fn=(130) _dl_load_cache_lookup
182 8
+8 2
+3 3
+51 3
+9 1
+6 2
-6 3
+6 1
cfi=(23)
cfn=(64) access
calls=1 81 
* 9
* 1
+4 1
-10 1
+10 3
+15 115
cfn=(134) _dl_cache_libcmp
calls=7 138 
* 521
* 32
-82 4
cfi=(31)
cfn=(132)
calls=1 45 
* 67
+8 1
-8 1
+8 4
+1 4
cfi=(12)
cfn=(26)
calls=1 315 
* 112
* 2
+7 1
-3 1
+3 3
+3 1
+1 2
-1 1
+1 1
+1 3
cfi=(12)
cfn=(26)
calls=1 +98 
* 111
* 2
+2 2
+59 13
cfn=(134)
calls=1 138 
* 72
* 4
-14 4
+14 1
-14 2
-1 3
+15 22
cfn=(134)
calls=1 138 
* 145
* 22
+16 2
+5 9
-21 3

fn=(134)
138 27
+1 22
+2 98
+2 49
-2 49
+2 4
+6 2
+2 2
-1 2
-1 2
+1 2
-1 2
+2 6
+2 10
+2 4
+6 94
+2 174
+4 40
+1 40
-29 80
+32 4
+1 4
-8 7
+8 14

fl=(21)
fn=(108) _dl_map_object_from_fd
923 24
+11 2
-11 2
+11 2
-11 4
+11 2
cfi=(28)
cfn=(84)
calls=2 50 
* 16
+4 6
-4 2
+4 2
cfi=(32)
cfn=(112)
calls=2 34 
* 20
* 4
+11 14
+1 6
-1 15
+1 20
+17 4
+25 4
+10 4
+22 8
+32 4
935 2
1059 14
cfi=(13)
cfn=(28)
calls=2 61 
* 1021
+1 2
-1 2
+1 2
+11 4
+5 2
-5 2
+1 4
+1 2
+2 2
-2 2
+2 8
+1 6
+1 2
+24 4
+8 2
-8 18
+8 2
-8 2
+8 2
+89 2
-95 2
-1 2
+96 2
1092 2
1198 4
+8 10
-96 32
-1 136
+1 104
+6 4
+1 6
+1 2
+3 2
+1 1
+5 20
+6 8
+1 4
-1 16
+8 4
+2 8
-2 4
+1 4
+4 4
-5 8
+1 8
+1 4
+1 4
+3 4
+4 4
-9 4
+2 4
+1 4
+1 4
+1 4
+4 4
+1 6
+5 4
-16 2
+16 10
+10 2
-10 4
-16 2
+16 10
+10 2
+3 3
+5 1
-1 1
+3 1
-1 1
-1 1
+1 1
+3 3
+1 2
+3 2
+4 4
+6 1
cfi=(36)
cfn=(136)
calls=1 50 
* 8
* 2
+1 1
+60 4
+1 6
+1 2
-6 4
+1 8
+8 6
+13 16
+2 4
+14 2
+5 12
cfi=(25)
cfn=(68)
calls=2 81 
* 12
+4 2
-4 2
+4 2
+7 2
+1 2
-1 2
+1 2
+2 2
-3 2
+1 2
+2 2
+10 2
+2 2
+33 12
+1 6
+2 8
+8 16
+6 2
+2 2
-2 2
+1 2
+2 2
-1 2
+1 2
-1 6
+8 4
+3 4
+11 14
cfi=(26)
cfn=(70)
calls=2 30 
* 1908
+1 10
+5 4
+15 4
-74 20
+2 8
+2 16
cfi=(25)
cfn=(68)
calls=2 81 
* 12
* 4
-30 2
-1 10
cfi=(25)
cfn=(114)
calls=2 81 
* 10
* 2
1072 2
1418 8
+9 4
fi=(3) /build/buildd/eglibc-2.19/elf/get-dynamic-info.h
38 2
fe=(21)
1427 2
fi=(3)
38 2
+6 2
-2 2
+2 4
+7 2
+5 2
+3 2
-1 2
-3 2
-3 36
+10 8
-18 24
+8 35
+10 35
-18 105
+18 2
-18 6
+2 90
+5 40
+2 8
+16 4
+20 7
+1 8
+1 8
+1 8
+2 8
+5 8
+1 7
+1 8
+6 6
+5 4
+7 4
+1 6
+16 6
+5 1
+2 1
-2 1
+2 1
+2 2
+2 2
+3 6
+10 1
-8 2
+9 2
-1 1
+5 2
+3 4
fe=(21)
1433 4
+16 6
+19 4
+2 10
+55 6
+1 2
+3 2
cfi=(23)
cfn=(118)
calls=1 81 
* 5
* 2
cfi=(23)
cfn=(118)
calls=1 81 
* 5
* 4
+8 10
+3 6
+2 2
-2 2
+2 2
+16 4
cfi=(6) /build/buildd/eglibc-2.19/elf/dl-lookup.c
cfn=(10) _dl_setup_hash
calls=2 859 
* 50
+4 4
+1 4
+17 4
+1 1
+3 1
+5 1
-5 1
+1 2
+4 1
-5 1
+5 1
-5 1
+1 2
+4 1
+10 6
cfi=(13)
cfn=(44)
calls=2 32 
* 84
+4 8
+20 16
fi=(3)
56 8
+3 8
+1 2
+1 8
fe=(21)
1356 5
+2 1
-1 3
+1 2
-1 1
+1 2
-1 2
+3 4
+43 8
cfi=(25)
cfn=(68)
calls=1 81 
* 6
+3 2
1537 4
474 2

fn=(124) open_path
2168 8
+1 1
-1 5
+7 1
-7 1
+1 1
+6 1
+5 2
-7 1
+7 1
-8 1
+8 3
+74 1
-74 1
+74 1
-22 2
-52 1
+52 3
-40 1
-9 1
+9 3
-9 2
+9 2
+7 12
cfi=(24)
cfn=(66)
calls=3 61 
* 72
+1 3
-1 3
+1 9
-13 6
+33 16
-20 25
+3 24
+4 96
cfi=(24)
cfn=(66)
calls=12 61 
* 255
* 48
cfi=(24)
cfn=(66)
calls=12 61 
* 276
* 12
+3 12
+3 24
+3 72
cfn=(126) open_verify.constprop.6
calls=12 1871 
* 468
* 12
+2 36
+26 16
+2 12
-21 16
+1 72
+6 16
+2 24
-2 8
+2 8
cfi=(34) /build/buildd/eglibc-2.19/io/../sysdeps/unix/sysv/linux/wordsize-64/xstat.c
cfn=(128) _xstat
calls=8 34 
* 98
* 16
+1 2
+2 2
-2 2
+2 16
+7 4
-44 4
+37 12
+7 12
-44 14
+85 15
+7 3
-2 3
+2 9
+3 3
-13 1
+27 14
-72 12

fn=(60) _dl_init_paths
714 1
+13 2
-13 8
+13 3
cfi=(22) /build/buildd/eglibc-2.19/elf/dl-hwcaps.c
cfn=(62) _dl_important_hwcaps
calls=1 39 
* 351
+5 1
-5 1
+5 1
cfi=(15)
cfn=(36)
calls=1 93 
* 34
* 1
+1 1
-1 1
-1 1
+2 1
+8 1
-1 1
+1 4
-1 4
+5 2
cfi=(15)
cfn=(36)
calls=1 93 
* 55
* 1
+2 1
-3 1
+3 2
+29 1
-12 1
-10 1
+11 1
+3 2
+8 1
-12 1
+3 2
-14 1
+9 1
+5 3
+9 2
-7 27
cfi=(26)
cfn=(70)
calls=4 30 
* 88
+7 16
-12 3
+12 6
-14 3
+3 6
-1 3
+3 3
-5 3
+6 12
+4 3
-3 3
+3 6
-3 3
-7 6
+25 1
-11 1
+6 1
+1 1
+5 2
+2 4
+2 3
+38 4
+8 3
cfi=(27)
cfn=(72)
calls=1 24 
* 47
* 2
+2 2
cfi=(9)
cfn=(18)
calls=1 26 
* 75
* 8
cfi=(16)
cfn=(42)
calls=1 61 
* 44
* 1
+17 3
-1 2
+3 1
+1 3
+1 1
-4 3
+2 32
+1 96
+1 32
-4 97
+8 1
cfi=(15)
cfn=(36)
calls=1 93 
* 34
* 1
+1 1
-2 1
+2 1
+6 8
cfn=(74) fillin_rpath
calls=1 486 
* 1778
+4 3
+6 1
+4 8
-75 1
-2 1
+2 2
+14 2

fn=(78) expand_dynamic_string_token
415 32
+10 12
cfi=(27)
cfn=(72)
calls=4 24 
* 140
* 8
161 8
cfi=(9)
cfn=(18)
calls=4 26 
* 228
* 4
+1 8
cfi=(15)
cfn=(36)
calls=4 -69 
* 136
* 4
+2 8
+3 12
440 20
167 4
cfi=(16)
cfn=(42)
calls=4 61 
* 124

fn=(98)
2317 24
+7 3
-7 6
+7 3
+1 6
+3 27
+12 12
-12 18
+5 21
+1 14
+2 21
cfi=(31)
cfn=(100)
calls=7 288 
* 492
* 15
2607 24
2362 4
+10 12
+26 4
-2 2
+2 2
cfi=(27)
cfn=(72)
calls=2 24 
* 46
* 4
2538 6
cfn=(78)
calls=1 415 
* 239
+1 1
-3 1
+4 1
-1 2
+4 6
cfn=(102) open_verify
calls=1 1873 
* 447
+3 1
-3 1
+3 1
+12 8
+2 4
+44 2
+1 16
-1 2
+1 6
cfn=(108)
calls=2 923 
* 4859
* 2
2402 2
cfi=(9)
cfn=(18)
calls=1 26 
* 63
* 1
+2 1
-2 1
+2 1
+7 4
+35 2
+1 15
cfn=(124)
calls=1 2168 
* 1939
* 3
+6 6
691 1
2454 1
691 2
2530 2
-95 4
+21 2
+6 4
+2 3
+4 2
cfi=(35)
cfn=(130)
calls=1 182 
* 1331
+2 1
-2 1
+2 1
+4 3
+8 2
+22 9
cfn=(126)
calls=1 1871 
* 529
+3 3
161 3
cfi=(9)
cfn=(18)
calls=1 26 
* 83
* 1
+1 2
cfi=(15)
cfn=(36)
calls=1 -69 
* 34
* 1
+2 3
+3 4
cfi=(16)
cfn=(42)
calls=1 61 
* 84
2510 1
-1 1
+1 2
-74 7
691 1
2437 1
691 2
2415 1
+8 3
-7 3
-1 1
+8 8
-3 3
691 1
2421 1
691 2
2341 18
+3 2
+2 2
-1 4
+1 2
cfi=(17)
cfn=(50)
calls=2 131 
* 21
* 4

fn=(74)
486 8
+2 1
-2 9
+5 1
cfi=(15)
cfn=(76) strsep
calls=1 338 
* 21
* 3
+4 4
cfn=(78)
calls=1 -80 
* 125
* 8
cfn=(78)
calls=2 -80 
* 384
+2 3
-2 3
+2 3
cfi=(9)
cfn=(18)
calls=3 26 
* 97
+4 3
-4 3
+4 3
+7 12
+34 6
+4 9
+1 9
-1 3
+1 3
-2 3
cfi=(15)
cfn=(36)
calls=3 93 
* 102
* 3
+3 3
-3 3
+3 9
+5 3
+1 9
-2 3
+2 3
cfi=(24)
cfn=(66)
calls=3 61 
* 72
+3 3
-3 3
+3 3
-2 3
+2 3
+6 12
+1 42
+1 30
+3 3
-1 6
+1 3
+7 3
+1 3
-1 3
+4 9
+2 6
cfi=(15)
cfn=(82) free
calls=3 121 
* 18
* 3
* 6
-90 3
cfi=(15)
cfn=(76)
calls=3 338 
* 536
* 6
+94 1
+3 9
-72 3
-12 1
+19 63
+1 30
-16 4
+5 4
+3 10
+26 6
+31 6

fn=(102)
1873 10
+36 1
-36 2
+36 2
+21 4
cfi=(23)
cfn=(104)
calls=1 81 
* 5
+1 1
-1 1
+1 1
+10 1
+1 2
+5 6
cfi=(23)
cfn=(106) read
calls=1 81 
* 5
+2 2
+2 1
+2 1
-2 2
+2 1
+6 2
+16 5
cfi=(12)
cfn=(26)
calls=1 315 
* 88
* 2
+2 1
-2 2
+4 4
cfi=(12)
cfn=(26)
calls=1 315 
* 80
-4 2
+75 2
+5 2
+3 4
+5 2
+7 1
+1 1
-1 4
+1 3
+1 1
+15 61
+2 19
+4 4
+1 2
+13 1
+1 1
+2 1
-3 1
+1 1
-1 1
+1 1
-2 1
+4 2
-7 4
cfi=(12)
cfn=(26)
calls=1 315 
* 80
* 2
-97 3
2154 8

fn=(126)
1871 130
+38 13
-38 13
+38 26
+21 52
cfi=(23)
cfn=(104)
calls=13 81 
* 113
+1 13
-1 13
+1 13
+10 1
+1 2
+5 6
cfi=(23)
cfn=(106)
calls=1 81 
* 5
+2 2
+2 1
+2 1
-2 2
+2 1
+6 2
+16 5
cfi=(12)
cfn=(26)
calls=1 315 
* 88
* 2
+2 1
-2 2
+4 4
cfi=(12)
cfn=(26)
calls=1 315 
* 80
-4 2
+75 2
+5 2
+3 4
+5 2
+7 1
+1 1
-1 5
+1 3
+1 1
-2 1
+17 45
+2 17
+4 4
+1 2
+13 1
+1 1
+2 1
-3 1
+1 1
-1 1
+1 1
-2 1
+4 2
+5 1
+1 1
-13 4
cfi=(12)
cfn=(26)
calls=1 315 
* 73
* 4
cfi=(12)
cfn=(26)
calls=1 315 
* 80
* 4
+16 2
+6 1
-3 1
+1 1
+1 1
+1 2
+1 4
-4 1
+1 1
+1 1
-1 3
-1 1
+4 2
+5 12
+23 104

fl=(22)
fn=(62)
39 8
+3 1
-1 1
+1 1
+9 1
-12 3
+3 1
-3 1
+3 1
+9 2
+10 4
+31 2
+23 3
cfi=(23)
cfn=(64)
calls=1 -34 
* 9
* 2
-2 1
+17 6
+3 2
+29 2
+8 2
+2 4
+1 4
+4 2
+4 1
-3 1
-1 1
+4 1
+3 2
+4 5
+1 1
-1 7
+1 1
+18 12
+1 4
cfi=(15)
cfn=(36)
calls=1 93 
* 34
* 1
+1 1
-1 1
+1 3
+29 1
+3 1
-3 2
+3 1
+28 9
+1 2
-1 2
+1 6
-1 8
+5 6
+3 1
-3 1
+3 2
-3 1
+3 1
-3 2
+3 1
-3 1
+3 2
-3 1
+3 3
+1 12
+1 4
-1 4
+1 8
-2 4
+1 8
-1 14
+4 4
+3 1
+2 2
-1 1
-1 2
+2 10
+13 2
+1 1
-1 1
+3 2
-3 2
+1 1
-1 1
+3 2
+3 3
+3 1
-1 1
+1 7
145 2
-14 2
243 3
cfi=(24)
cfn=(66)
calls=1 61 
* 22
+1 2
-1 2
+1 1
cfi=(24)
cfn=(66)
calls=1 61 
* 22
* 4

fl=(48)
fn=(204) call_init.part.0
34 32
+8 4
-8 4
+11 4
-3 8
+3 12
+5 9
+5 4
+8 4
+1 12
cob=(3) /lib/x86_64-linux-gnu/libc-2.19.so
cfi=(50) /build/buildd/eglibc-2.19/csu/../csu/init-first.c
cfn=(218) _init
calls=1 -12 
* 181
cob=(2)
cfi=(14)
cfn=(206)
calls=1 -64 
* 6
+3 2
+1 4
+6 2
+2 4
-2 4
+3 10
+1 8
cob=(3)
cfi=(56) /build/buildd/eglibc-2.19/string/../sysdeps/x86_64/multiarch/../cacheinfo.c
cfn=(230) init_cacheinfo
calls=1 550 
* 1342
cob=(4) /usr/lib/valgrind/vgpreload_core-amd64-linux.so
cfi=(49) ???
cfn=(210) 0x0000000000000670
calls=1 -78 
* 16
* 4
cob=(3)
cfi=(58) /build/buildd/eglibc-2.19/elf/dl-altinit.c
cfn=(238) dlinit_alt
calls=1 -45 
* 4
* 3
-1 6
+3 18
-29 2
+29 6
-34 3

fn=(202)
86 11
+1 1
+1 1
+3 3
+7 4
+27 15
+1 12
-90 20
cfn=(204)
calls=3 -2 
* 1641
* 3
+96 8
-96 3
cfn=(204)
calls=1 -2 
* 77
+58 2

fl=(7) /build/buildd/eglibc-2.19/elf/../elf/dl-sysdep.c
fn=(12) _dl_sysdep_start
86 7
+25 1
-1 1
+1 1
-25 1
+25 273
+6 1
-3 1
+1 1
-4 1
+3 1
+3 4
+1 6
-1 3
-29 1
-1 2
+31 105
-1 82
fi=(19)
-82 2
cfi=(8)
cfn=(14)
calls=1 -4 
* 12
fi=(5) /build/buildd/eglibc-2.19/elf/../sysdeps/x86_64/dl-machine.h
200 5
fe=(7)
+34 2
cfi=(10)
cfn=(20)
calls=1 34 
* 17
* 3
+12 3
+3 6
cfi=(2)
cfn=(22) dl_main
calls=1 891 
* 97000
+1 1
+1 8
151 1
+1 1
+27 1
+1 1
-17 1
+1 1
-7 1
+1 1
-4 1
+1 1
-25 1
+1 1
-4 1
+1 1
-7 1
+1 1
+2 1
+1 1
232 1
cfi=(9)
cfn=(18)
calls=1 26 
* 39
* 2

fn=(194) _dl_sysdep_start_cleanup
256 1

fl=(37) /build/buildd/eglibc-2.19/elf/dl-version.c
fn=(142) _dl_check_all_versions
380 6
+4 4
-2 2
+4 28
cfn=(144) _dl_check_map_versions
calls=4 174 
* 2261
-2 4
+2 12
-1 4
-1 8
+5 7

fn=(144)
174 36
+15 4
-15 8
+15 8
+2 4
+3 4
-3 4
+2 4
+1 4
+2 4
-3 4
+3 4
+3 8
+4 12
+17 2
56 2
220 2
56 2
220 2
56 10
+1 5
-1 10
+2 21
cfi=(31)
cfn=(100)
calls=7 288 
* 510
* 16
228 6
+5 14
+19 1
-15 41
cfn=(146) match_symbol
calls=1 76 
* 137
* 6
cfn=(146)
calls=2 76 
* 306
* 3
+7 12
+3 11
+9 8
-73 2
-8 2
+95 12
+3 6
+10 26
-7 104
+3 78
-3 8
+3 6
+8 4
+86 4
-86 4
+87 8
-81 12
cfi=(15)
cfn=(32)
calls=3 102 
* 129
* 3
+1 3
-2 3
+2 3
+11 3
-3 3
+3 6
+2 9
+3 8
+4 6
+18 1
-15 3
+2 3
-2 6
+2 6
+2 3
+1 3
-1 6
+1 3
-1 3
+1 3
+1 3
-2 3
+2 6
+1 9
+3 9
+8 6
+10 9
+3 8
+20 26
-14 26
-2 26
+2 28
-2 2
+2 2
+4 26
+2 26
-1 52
+1 26
-1 78
+1 26
+1 26
+3 84
+10 3
-1 3
+1 21

fn=(146)
76 33
+9 3
-8 3
-1 6
+1 3
+8 3
+6 9
+15 3
+1 6
+2 3
+5 6
+14 20
+12 21
+4 7
-30 14
+16 3
+3 12
cfi=(17)
cfn=(50)
calls=3 -2 
* 258
* 6
+35 24

fl=(24)
fn=(66)
61 35
+4 35
+3 34
+1 34
+2 9
+1 9
+2 9
+1 9
+5 9
+1 9
-1 25
+1 25
+2 24
+1 24
+2 24
+1 24
+5 24
+1 24
-1 10
+1 10
+2 9
+1 9
+2 9
+1 9
+5 9
+1 9
-1 25
+1 25
+2 17
+1 17
+2 17
+1 34
+5 17
+1 17
-1 17
+1 21
+5 4
+1 4
+1 4
+1 4
+2 4
+2 4
+1 4
+2 4
+6 34
+4 34
+12 2
+2 2
+1 2
+26 2
+1 2
+3 2
+1 2
+1 2
+5 2
+2 2
+1 2
+1 2
+1 2
+2 2
+1 2
+1 2
+1 2
+2 2
+1 2
+2 2
+22 2
+2 2
+2 1
+7 1

fl=(30)
fn=(94)
26 3
+9 3
+1 6
+1 3
+4 3
+1 3
+1 3
+1 3
+1 3
+2 6
+2 3
+1 3
+3 6
+2 3
+4 3
+1 3

fl=(69) /build/buildd/eglibc-2.19/elf/dl-open.c
fn=(294) _dl_find_dso_for_object
182 5
+1 4
+1 12
+1 2
+3 2
+4 1
-9 6

fl=(2)
fn=(92)
798 8

fn=(140)
657 2
+2 4
cfi=(37)
cfn=(142)
calls=1 380 
* 2336
* 2
+4 2

fn=(48)
844 8

fn=(96)
625 2
+2 7
cfi=(21)
cfn=(98)
calls=1 2317 
* 2446
* 1
+2 2

fn=(88) do_preload
804 1
+12 1
-12 5
+10 1
-4 1
+1 1
+5 4
-10 1
+6 1
+4 1
cfi=(29)
cfn=(90)
calls=1 163 
* 2519
+1 3
+8 3
+6 5

fn=(148) init_tls
724 1
-1 1
-6 1
+2 2
+4 1
+10 4
cfi=(15)
cfn=(32)
calls=1 102 
* 43
* 1
+11 1
-15 1
+3 1
+6 1
+2 1
-11 1
+15 1
+2 1
-1 1
+1 10
+2 8
+4 1
+2 1
-2 2
-5 8
+9 3
+3 1
cfi=(36)
cfn=(150)
calls=1 112 
* 73
+7 1
cfi=(36)
cfn=(152)
calls=1 328 
* 428
+1 1
-1 1
+1 1
+6 1
+8 1
-8 1
+8 6
+4 1
+2 1
+1 2

fn=(2)
362 9
+18 4
fi=(3)
44 1
fe=(2)
380 1
fi=(5)
58 3
fi=(3)
-14 1
fe=(2)
409 1
-3 1
fi=(3)
44 1
+17 2
-3 1
-7 1
+5 1
+3 1
+2 1
-3 1
-3 1
-3 2
-5 26
+15 13
-18 39
+18 1
-18 3
+2 36
+5 20
+1 16
+10 4
-18 12
+25 2
+20 4
+1 4
+1 4
+1 4
+2 4
+5 4
+1 4
+1 4
+6 3
+5 2
+7 3
+1 3
+8 3
+2 3
+3 2
+1 2
fe=(2)
537 2
+7 1
285 2
+12 2
cfi=(6)
cfn=(10)
calls=1 859 
* 25
+1 2
+1 2
+1 2
+1 2
+21 1
+10 1
-10 3
+10 1
-6 1
-4 1
+10 1
cfi=(7)
cfn=(12)
calls=1 86 
* 97611
* 1
+9 4
+3 1
+4 1
-4 1
+4 1
569 9
fi=(3)
53 4
+3 4
fe=(2)
542 34
fi=(4) /build/buildd/eglibc-2.19/elf/do-rel.h
84 1
+27 1
-28 1
+28 2
+1 2
fi=(5)
492 2
fi=(4)
112 18
fi=(5)
492 18
+1 20
fi=(4)
111 20
fi=(5)
493 10
fi=(4)
111 10
+5 2
+8 1
fi=(5)
287 1
fi=(4)
124 2
+13 1
+2 2
-2 1
fi=(5)
241 1
fi=(4)
137 1
fi=(5)
269 1
fi=(4)
137 2
fi=(5)
269 1
fi=(4)
137 8
+2 16
-2 8
fi=(5)
241 8
fi=(4)
137 8
fi=(5)
269 8
fi=(4)
137 16
fi=(5)
269 8
+9 18
+3 9
-3 18
+3 27
+6 54
fi=(3)
59 4
+1 1
+1 2
fe=(2)
285 73
fi=(5)
391 9
+9 9
fi=(4)
124 28
fe=(2)

fn=(22)
891 1
+19 1
-19 9
+19 1
+3 1
2492 1
891 1
2492 1
913 1
+4 1
-26 1
+26 1
+1 2
+5 2
2485 2
+7 1
-4 1
+4 1
-5 1
+5 9
+2 2
cfi=(11)
cfn=(24)
calls=1 30 
* 210
* 4
cfi=(11)
cfn=(24)
calls=2 30 
* 390
* 9
+4 48
+1 19
-1 57
+3 4
+6 16
+76 4
cfi=(12)
cfn=(26)
calls=1 315 
* 120
* 2
+2 3
-55 4
cfi=(12)
cfn=(26)
calls=1 315 
* 26
* 2
2660 3
+33 3
933 4
1132 7
cfi=(13)
cfn=(28)
calls=1 61 
* 248
+2 1
-2 1
+2 1
+1 1
+1 1
+5 2
-5 1
+1 3
+4 1
cfi=(13)
cfn=(44)
calls=1 32 
* 34
+1 2
900 1
1171 1
-3 1
-5 1
+1 1
+2 1
+5 6
+56 2
897 1
1227 2
-55 24
-1 27
+1 47
-1 2
1274 3
+3 2
+2 2
+2 2
+13 3
+1 8
cfi=(17)
cfn=(50)
calls=1 131 
* 7
* 3
+7 1
+3 1
-5 1
+3 1
+2 1
+1 2
+4 2
+2 2
fi=(3)
29 1
+9 2
+6 1
-2 1
+2 2
+7 1
+5 1
+3 1
+2 1
-3 1
-3 1
-3 14
+10 3
-18 9
+8 16
+10 16
-18 48
+18 1
-18 3
+2 40
+5 16
+2 4
+16 3
+38 3
+5 2
+7 2
+17 3
+14 3
+18 2
fe=(2)
1317 2
cfi=(6)
cfn=(10)
calls=1 859 
* 25
+3 4
fi=(18) /build/buildd/eglibc-2.19/elf/setup-vdso.h
24 2
fe=(2)
1342 1
cfi=(19)
cfn=(56)
calls=1 45 
* 93
* 8
1176 3
+1 1
+90 2
+1 2
+1 1
-6 2
+1 1
-37 2
-1 2
+1 4
-1 2
+2 4
+1 1
+3 2
+1 2
-1 2
+1 2
+1 2
+1 6
+1 2
-43 1
-2 2
+27 1
-25 1
+7 2
-10 1
+10 1
-19 3
+1 1
fi=(3)
56 4
+3 4
+1 1
+1 3
fe=(2)
2537 4
cfi=(12)
cfn=(26)
calls=1 315 
* 80
* 2
+2 3
1347 2
cfi=(21)
cfn=(60)
calls=1 714 
* 2999
+3 3
cfi=(28)
cfn=(84)
calls=1 50 
* 17
+7 1
-7 1
+2 1
+5 1
+3 3
+1 1
+3 1
-3 3
+1 2
+3 1
+5 1
-7 1
+7 1
+1 5
+4 1
+4 1
-2 4
+1 2
+1 3
+5 2
+1 6
+2 2
+1 2
+5 2
+5 3
906 1
1579 3
+3 2
+4 3
+5 2
+1 1
cfi=(28)
cfn=(86)
calls=1 74 
* 1
+5 3
+15 3
+4 3
+31 3
cfi=(23)
cfn=(64)
calls=1 81 
* 9
* 2
+77 4
+17 3
+1 1
-1 1
+1 2
-1 1
+1 5
cfi=(33)
cfn=(120)
calls=1 147 
* 9686
+1 1
+5 1
-5 3
+2 2
+3 4
+1 4
-1 2
+1 12
-1 6
+4 3
+1 3
+1 1
+2 2
+1 5
-1 4
+1 4
-1 6
-28 1
+1 1
-1 7
+4 1
+1 1
-1 1
+2 2
+1 2
+35 1
-1 2
+1 1
+2 1
+2 3
+2 1
-4 2
+5 1
-1 2
+14 2
+1 2
+1 3
+12 1
+1 1
-2 1
+2 1
-2 1
+2 1
-2 1
+2 1
-2 1
+2 1
cfi=(29)
cfn=(138)
calls=1 205 
* 2376
+10 1
+1 1
-1 1
+1 1
+1 1
cfn=(148)
calls=1 724 
* 615
* 1
+2 2
+3 1
cfn=(154) security_init
calls=1 851 
* 22
+2 2
2054 3
+56 1
+4 1
+7 1
-11 1
+4 3
+4 2
+3 1
+8 2
+95 4
+1 1
+5 2
cfi=(36)
cfn=(192)
calls=1 376 
* 275
+4 2
+14 3
+2 2
+29 1
cfi=(7)
cfn=(194)
calls=1 256 
* 1
+4 3
+20 3
cfi=(28)
cfn=(84)
calls=1 50 
* 8
+1 1
+1 1
cfi=(28)
cfn=(86)
calls=1 74 
* 1
+5 1
cfi=(35)
cfn=(196)
calls=1 309 
* 15
+5 8
-65 2
+15 1
+3 1
-3 1
+3 1
-3 2
+3 2
-3 1
+2 1
+1 1
cfi=(39) /build/buildd/eglibc-2.19/elf/dl-reloc.c
cfn=(158) _dl_relocate_object
calls=1 154 
* 6295
+1 4
+2 3
-96 3
+7 1
+2 11
+2 1
+2 12
+5 8
+2 8
+8 4
-2 4
+2 8
+1 24
cfi=(39)
cfn=(158)
calls=3 154 
* 68784
+4 14
-22 12
+25 4
+2 1
+6 1
-6 1
+6 1
-22 1
+1 1
-3 2
+14 2
cfi=(36)
cfn=(190)
calls=1 831 
* 20
* 1
-69 1
899 2
1767 2
+21 3
1623 2
cfi=(9)
cfn=(18)
calls=1 26 
* 93
* 8
cfi=(16)
cfn=(42)
calls=1 61 
* 67
* 1
+3 5
-12 1
+12 1
+3 3
cfi=(15)
cfn=(76)
calls=1 338 
* 765
* 3
cfi=(15)
cfn=(76)
calls=1 338 
* 6
* 6
+1 2
+1 3
+2 4
cfn=(88)
calls=1 804 
* 2547
* 2
1336 3
1635 1
+1 1
-1 3
+1 1
+1 3

fn=(46)
838 8

fn=(154)
851 2
+2 1
fi=(38) /build/buildd/eglibc-2.19/elf/../sysdeps/unix/sysv/linux/dl-osinfo.h
61 2
+23 2
+2 1
+7 1
fe=(2)
855 1
+6 2
+2 1
fi=(38)
101 2
+11 1
fe=(2)
866 1
+2 1
+6 1
+1 3

fl=(15)
fn=(82)
121 3
-2 6
+2 3
+7 6

fn=(32)
102 8
+7 24
-3 8
+3 16
+4 8
cfn=(36)
calls=8 -20 
* 277
* 8

fn=(36)
93 25
+1 50
cfn=(40)
calls=25 -43 
* 797
* 25

fn=(76)
338 12
+2 6
+1 12
+4 180
+7 468
-2 316
+4 4
+6 78
-15 236
+18 2
+4 2
-4 2
+4 4
-11 4
+1 2

fn=(40)
51 104
+1 128
+11 25
+1 25
-1 25
+3 25
-3 25
+3 50
-3 1
+1 1
-1 1
+3 1
-3 1
+3 94
+4 12
+1 9
+6 21
cfi=(25)
cfn=(68)
calls=3 +4 
* 18
+2 15
+4 9
+3 3
+1 3
+2 15
-3 23
+1 23
+2 184
-31 3
+1 1
-2 3

fl=(6)
fn=(168) check_match.9458
131 602
+1 172
+2 172
+2 258
-2 172
+12 258
+3 236
cfi=(17)
cfn=(50)
calls=16 -18 
* 1411
* 32
+5 86
-1 86
+1 86
-1 86
+1 86
+2 170
+19 170
+1 680
+46 602
-18 2
+2 2
+1 3
-1 2
+1 1
-1 2
-29 255
cfi=(17)
cfn=(50)
calls=85 -46 
* 7394
* 170

fn=(10)
859 12
+4 4
+4 8
+2 4
-1 4
+3 12
+1 4
+1 8
+3 4
-1 4
-2 4
+3 4
+4 8
-2 4
+1 4
+1 8
+1 4

fn=(164) _dl_lookup_symbol_x
714 1092
476 91
714 182
476 273
-1 182
+2 91
-1 91
+1 273
-1 273
+1 1140
-1 1140
+1 3420
-1 3602
716 91
+4 91
+4 91
-8 91
+1 182
+7 261
+5 91
+2 182
-2 91
+6 728
+2 1183
cfn=(166) do_lookup_x
calls=91 82 
* 36190
+3 182
+3 5
-8 20
-7 182
+38 182
+22 86
+1 602
+26 86
+9 430
+14 258
+3 344
+5 86
+2 728
-9 2
-71 35
+16 5
+1 10

fn=(166)
82 819
+1 91
-6 91
+5 273
-5 637
+12 91
229 91
+3 182
-3 91
+3 182
98 91
-3 91
+1 91
+2 91
+3 91
-3 91
+3 91
-3 195
-3 195
+1 195
+2 195
+3 195
-3 195
+3 195
+4 572
+4 572
+4 572
+6 858
+4 572
+1 858
225 286
+1 572
+4 572
-2 286
+5 1144
+4 572
-1 572
+1 286
-1 572
+21 200
+24 400
461 1134
+1 115
cfi=(31)
cfn=(100)
calls=23 288 
* 978
* 138
+3 600
+3 10
286 640
+4 208
+13 86
+1 86
-1 86
+1 86
+1 86
469 728
240 364
-1 182
+2 182
+2 273
+10 285
-7 905
+2 172
+1 344
-1 172
+1 86
-1 344
+1 258
cfn=(168)
calls=86 131 
* 13196
+1 430

fl=(27)
fn=(72)
24 9
+1 9
+1 9
+1 9
+1 9
+1 9
+1 9
+1 9
+1 9
+1 9
+1 9
+1 9
+1 9
+1 9
+1 9
+1 9
+1 9
+1 5
+4 5
+1 5
+1 5
+1 5
+2 5
+4 4
+1 4
+1 4
+1 4
+1 4
+1 4
+1 4
+1 4
+1 4
+1 4
+1 4
+1 4
+1 4
+1 4
+1 4
+1 4
+1 4
+1 4
+1 4
+1 4
+1 4
+1 4
+1 4
+1 4
+52 4
+4 4
+1 4
+1 4
+1 4
+2 4

fl=(17)
fn=(50)
131 185
+1 185
+1 185
+1 117
+1 117
+1 117
+1 117
cfn=(51) strcmp'2
calls=117 -6 
* 8754
+5 68
+1 68
+1 68
+1 68

fn=(51)
131 1220
+1 1220
+1 1220
+1 1210
+1 1210
+1 1210
+1 1210
cfn=(51)
calls=1103 -6 
* 48308
+2 107
+1 107
+2 10
+1 10
+1 10
+1 10

fl=(39)
fn=(158)
154 40
+15 4
-15 8
+15 4
+1 16
+6 8
+6 12
-18 8
+22 8
+7 8
-32 4
+77 4
fi=(5)
71 4
fe=(39)
238 8
fi=(5)
71 12
fe=(39)
264 171
-99 15
fi=(5)
276 24
fe=(39)
-12 3
fi=(4)
48 3
fe=(39)
264 3
fi=(4)
58 3
fe=(39)
264 3
fi=(4)
47 6
+11 6
fe=(39)
264 1
-99 5
fi=(5)
276 8
fe=(39)
-12 1
fi=(4)
48 1
fe=(39)
264 1
fi=(4)
58 1
fe=(39)
264 1
fi=(4)
47 2
+11 2
fe=(39)
264 4
fi=(4)
48 4
fe=(39)
264 4
fi=(4)
58 4
fe=(39)
264 4
fi=(4)
47 8
+11 8
+3 12
fi=(5)
503 34
+4 34
+2 51
+1 17
fi=(4)
61 63
+2 66
+2 17
-4 3
+13 6
+1 5
+1 10
fi=(5)
503 5
+24 5
fi=(4)
75 5
fi=(5)
527 5
+2 5
cob=(3)
cfi=(46) /build/buildd/eglibc-2.19/string/../sysdeps/x86_64/multiarch/memmove.c
cfn=(186) memcpy@GLIBC_2.2.5
calls=1 49 
* 13
cob=(3)
cfi=(45) /build/buildd/eglibc-2.19/time/../sysdeps/unix/sysv/linux/x86_64/gettimeofday.c
cfn=(182) gettimeofday
calls=1 31 
* 68
cob=(3)
cfi=(40) /build/buildd/eglibc-2.19/string/../sysdeps/x86_64/multiarch/strcmp.S
cfn=(180) strncasecmp
calls=1 140 
* 11
cob=(3)
cfi=(42) /build/buildd/eglibc-2.19/time/../sysdeps/unix/sysv/linux/x86_64/time.c
cfn=(174) time
calls=1 37 
* 68
cob=(3)
cfi=(40)
cfn=(170) strcasecmp
calls=1 114 
* 86
fi=(4)
75 5
fi=(5)
530 5
fi=(4)
75 7
fe=(39)
264 3
fi=(4)
75 7
fe=(39)
264 21
+3 12
+28 4
+3 8
+17 12
+2 32
fi=(4)
84 5
+2 10
+12 5
-15 5
+15 5
-15 5
+15 5
+10 6
+3 8
fi=(5)
487 2
fi=(4)
112 4
fi=(5)
487 1196
fi=(4)
112 2384
fi=(5)
487 2384
+5 2388
+1 2388
fi=(4)
111 2388
fi=(5)
493 1194
fi=(4)
111 1194
+7 15
+3 4
+3 4
-3 4
+3 4
fi=(5)
422 2
fi=(4)
50 2
fi=(5)
422 2
fi=(4)
51 2
fi=(5)
422 8
fi=(4)
127 376
+9 188
+3 188
fi=(5)
244 94
fi=(4)
138 94
-2 94
+1 376
fi=(5)
244 94
+21 188
+4 188
+7 1783
fi=(4)
137 74
+1 74
fi=(5)
276 148
fi=(4)
137 74
fi=(5)
276 246
fi=(4)
137 6
+1 6
fi=(5)
276 12
fi=(4)
137 6
fi=(5)
276 1058
cfi=(6)
cfn=(164)
calls=80 714 
* 47291
* 400
+2 249
+3 93
-3 186
+3 279
+6 658
fe=(39)
183 8
+81 5
fi=(5)
77 6
+4 9
+14 3
-8 3
+8 6
+13 6
+3 12
410 249
fi=(4)
124 290
+19 4
fi=(5)
276 33
382 30
+4 50
+5 50
-71 2
+1 3
fi=(4)
108 3
fe=(39)
323 8
+1 4
+1 4
-1 4
-1 8
+2 4
+3 8
+1 12
cfi=(25)
cfn=(114)
calls=4 81 
* 20
* 8
fi=(4)
129 3
+31 8
+2 20
+8 10
+1 5
-1 5
+1 5
fi=(5)
+73 5
fi=(4)
-74 10
fi=(5)
+74 5
+21 10
+4 10
+7 135
cfi=(6)
cfn=(164)
calls=5 714 
* 2504
* 20
+2 15
+3 1
-3 2
+3 3
+6 35
410 15
fi=(4)
160 15
+14 5
fi=(5)
276 86
fe=(39)

fl=(34)
fn=(128)
34 8
-1 8
+1 8
+1 48
+4 2
-4 24

fl=(61)
fn=(252)
66 12
+6 12
-6 18
+3 6
-1 6
+1 6
+3 6
+1 6
-1 12
+1 30
+1 6
-1 6
+1 12
+5 12
+4 12
+4 18
+4 12
+1 24
+2 24
+7 18
-1 6
+8 12
+3 54
cfi=(6)
cfn=(164)
calls=6 714 
* 4570
* 6
+4 18
+4 24
+6 36
+16 6
-8 6
+8 18
+4 18
fi=(5)
+65 6
fe=(61)
-61 30

fl=(23)
fn=(64)
81 12
+2 15

fn=(106)
81 8
+1 2

fn=(104)
81 60
+1 3
+1 60

fn=(118)
81 12
+1 3

ob=(4)
fl=(49)
fn=(210)
0 16

ob=(3)
fl=(68) /build/buildd/eglibc-2.19/elf/dl-addr.c
fn=(288) _dl_addr
126 9
+5 1
-5 2
+5 2
cob=(1)
cfi=(2)
cfn=(46)
calls=1 838 
* 2
+2 2
cob=(1)
cfi=(69)
cfn=(294)
calls=1 +49 
* 32
cob=(1)
cfi=(60)
cfn=(250)
calls=1 -99 
* 1145
* 5
+2 2
30 1
+1 1
-1 1
+1 1
+3 2
+5 1
+6 1
-7 1
+2 2
+2 1
-2 1
+2 1
+3 1
+5 7
+2 1
+1 2
-1 1010
+1 2020
+2 4927
+6 11060
+2 8848
+1 16231
+7 2212
-2 2212
+2 5435
-21 2022
+49 3
+1 1
+1 3
+3 2
+37 3
cob=(1)
cfi=(2)
cfn=(48)
calls=1 844 
* 2
+3 9
-28 1
+1 1
+21 2

fl=(74) /build/buildd/eglibc-2.19/string/../sysdeps/x86_64/memset.S
fn=(310) memset
53 1
+1 1
+1 1
+1 1
+1 1
+2 1
+1 1
+17 1
+1 1
+1 1
+1 1
+1 1
+1 1
+1 1
+1 1
+1 1
+1 1
+1 1
+1 1
+1 1
+1 2
+3 1
+1 1
+1 1
+1 1
+1 1
+1 1
+1 1
-6 147
+1 147
+1 147
+1 147
+1 147
+1 147
+1 147
+1 1

fl=(70) /build/buildd/eglibc-2.19/nptl/../nptl/sysdeps/unix/sysv/linux/register-atfork.c
fn=(296) __linkin_atfork
116 2
+1 6
+2 1

fl=(77) /build/buildd/eglibc-2.19/signal/../sysdeps/unix/sysv/linux/x86_64/sigaction.c
fn=(318) __libc_sigaction
49 1
+4 1
-4 1
+4 1
+3 1
-1 1
+1 2
-1 1
+1 29
+1 4
+2 2
+5 16
+3 4
+2 2
+1 32
+1 2
+1 2
+3 2

fl=(40)
fn=(170)
114 1
+1 1
+1 1
cfi=(41) /build/buildd/eglibc-2.19/csu/../sysdeps/x86_64/multiarch/init-arch.c
cfn=(172) __init_cpu_features
calls=1 -62 
* 74
+3 1
+1 1
+1 1
+2 1
+1 1
+4 1
+1 1
+1 1
+2 1

fn=(180)
140 1
+1 1
+4 1
+1 1
+1 1
+2 1
+1 1
+4 1
+1 1
+1 1
+2 1

fl=(46)
fn=(186)
49 1
-49 12

fl=(62) /build/buildd/eglibc-2.19/csu/libc-start.c
fn=(256) (below main)
133 7
+4 1
-4 3
+4 3
+82 1
-82 1
+82 1
+1 4
cfi=(63) /build/buildd/eglibc-2.19/stdlib/cxa_atexit.c
cfn=(258) __cxa_atexit
calls=1 57 
* 60
+22 6
+3 2
+1 5
cob=(5)
cfi=(59)
cfn=(262) __libc_csu_init
calls=1 0 
* 62885
+4 4
+15 2
+9 2
cfi=(80) /build/buildd/eglibc-2.19/setjmp/../sysdeps/x86_64/bsd-_setjmp.S
cfn=(340) _setjmp
calls=1 30 
* 29
+1 2
+5 2
+1 2
+3 2
+3 6
cob=(5)
cfi=(83) /home/gcastilhos/Desktop/HotSpot-6.0/modelo.c
cfn=(346) main
calls=1 16 
* 412069
137 2

fl=(64) /build/buildd/eglibc-2.19/gmon/gmon.c
fn=(274) monstartup
104 1
+23 1
-23 1
+10 1
-10 1
+10 1
-10 1
+9 1
+2 1
-11 1
+11 1
+1 1
-12 1
+11 1
+12 1
-11 1
-3 1
+1 1
+13 1
-11 1
+1 1
+10 1
-3 1
+2 1
-10 2
+11 1
+1 2
+6 2
-2 1
+2 2
cfi=(65) /build/buildd/eglibc-2.19/malloc/malloc.c
cfn=(282) calloc
calls=1 3161 
* 60117
cob=(1)
cfi=(60)
cfn=(250)
calls=1 34 
* 613
* 5
+1 2
+15 1
-7 1
-1 1
+9 1
-7 1
+1 1
+6 1
-3 1
-3 1
+24 1
-18 1
+3 8
+18 1
-1 1
+1 4
-1 1
cfn=(312) moncontrol
calls=1 -90 
* 195
-41 2
+1 1
-4 3

fn=(312)
81 2
-4 1
+7 2
+12 2
-9 5
cfi=(75) /build/buildd/eglibc-2.19/gmon/../sysdeps/posix/profil.c
cfn=(314) profil
calls=1 -23 
* 181
+1 2

fl=(84) /build/buildd/eglibc-2.19/gmon/../sysdeps/x86_64/_mcount.S
fn=(352) mcount
32 1
+1 1
+1 1
+1 1
+1 1
+1 1
+1 1
+1 1
+4 1
+2 1
+2 1
cfi=(85) /build/buildd/eglibc-2.19/gmon/mcount.c
cfn=(354) __mcount_internal
calls=1 +13 
* 15
+6 1
+1 1
+1 1
+1 1
+1 1
+1 1
+1 1
+1 1
+1 1

fl=(82) /build/buildd/eglibc-2.19/setjmp/sigjmp.c
fn=(344) __sigjmp_save
29 2
-1 2
+1 2
+5 3

fl=(85)
fn=(354)
60 1
+12 2
-12 1
+12 5
+9 1
+1 2
+87 1
+5 2

fl=(65)
fn=(300) _int_malloc
3302 7
+30 1
-30 1
+30 9
+8 2
+37 2
3806 9
3421 9
+1 2
+1 3
cfn=(302) malloc_consolidate
calls=1 4104 
* 793
* 1
3790 1
4992 2
3790 3
+2 25
4990 1
+2 1
-2 3
3442 5
3576 2
+73 1
+1 1
+1 1
-1 1
+1 1
+1 2
+1 2
+5 6
+4 3
3765 1
+3 1
-2 3
+2 2
+17 2
3578 2
+3 3
5000 1
2271 4
+11 1
-11 1
+11 1
+87 1
-9 1
+9 1
+9 3
2700 2
+1 1
+5 2
+3 2
+5 1
-3 1
+3 1
-2 1
+5 1
-3 3
+1 1
-1 1
-1 1
+1 2
+1 1
3801 2
1862 3
2272 2
2433 1
+19 2
-19 1
+9 1
+10 2
-10 1
+10 1
-10 3
+10 3
+8 1
-8 1
+8 1
+2 4
cfi=(71) /build/buildd/eglibc-2.19/malloc/morecore.c
cfn=(304) __default_morecore
calls=1 46 
* 62
* 2
+4 5
+3 2
+1 2
+19 1
+27 2
+1 1
+1 2
+6 1
-6 1
+6 1
+3 6
+42 3
+19 1
+3 2
+1 6
+2 1
-2 1
+2 1
+1 4
cfi=(71)
cfn=(304)
calls=1 46 
* 26
+12 3
+8 2
+1 3
+39 1
+1 1
-2 1
+1 3
+12 1
-12 1
+1 1
+11 1
2527 2
+42 3
2369 2

fn=(302)
4104 8
+22 2
4996 1
4126 3
1785 1
+3 3
-3 128
+3 378
-3 252
+7 3
+5 1
+2 1
-2 1
4199 8
1796 3

fn=(282)
3161 1
+13 3
-13 1
+10 2
-10 3
+13 2
+10 2
+1 2
3294 5
-25 1
cfi=(74)
cfn=(310)
calls=1 53 
* 1059
-81 3
cfi=(66) /build/buildd/eglibc-2.19/malloc/hooks.c
cfn=(284) malloc_hook_ini
calls=1 30 
* 59027
+1 2
+3 4

fn=(298) malloc
2876 4
+5 2
+1 2
+3 2
+2 8
+4 3
cfn=(300)
calls=1 3302 
* 1136
+1 1
-1 1
+1 1
+11 4
+1 8
+3 5

fl=(55) /build/buildd/eglibc-2.19/ctype/ctype-info.c
fn=(228) __ctype_init
31 5
+2 1
-2 2
+2 3
+2 5

fl=(53) /build/buildd/eglibc-2.19/misc/init-misc.c
fn=(224) __init_misc
30 4
+1 5
+2 3
cfi=(54) /build/buildd/eglibc-2.19/string/../sysdeps/x86_64/strrchr.S
cfn=(226) rindex
calls=1 -9 
* 24
+4 5
+1 3
+2 4

fl=(76) /build/buildd/eglibc-2.19/signal/../nptl/sigaction.c
fn=(316) sigaction
37 3
+6 1
cfi=(77)
cfn=(318)
calls=1 +6 
* 104

fl=(41)
fn=(172)
54 1
-9 1
+9 1
+3 1
-3 1
+3 5
+95 2
+1 7
+7 3
+24 2
+5 1
+1 1
+2 1
+1 2
-9 4
+1 5
+1 2
31 2
+6 1
-6 1
+7 1
-1 1
+28 1
-27 1
+27 1
-28 1
+2 1
-1 1
+1 1
+26 1
+1 1
-35 4
+35 1
+5 1
-12 1
+12 1
+3 8
+49 1
-64 1
+68 1

fl=(63)
fn=(258)
57 12
-22 4
cfn=(260) __new_exitfn
calls=2 +38 
* 82
+2 4
+4 2
+3 2
+1 2
-4 4
+2 2
+4 2
+1 2
+11 8

fn=(260)
73 2
+6 4
-6 6
+6 8
+2 8
-7 4
+9 6
+1 5
-3 1
+10 1
-10 3
+2 2
+11 2
+25 1
+1 1
-1 1
+1 1
-1 1
+7 1
+1 1
+3 2
-4 1
+1 1
+3 6
+3 10
-21 1
+1 2

fl=(54)
fn=(226)
24 1
+1 1
+1 1
+1 1
+1 1
+1 1
+1 1
+1 1
+1 1
+1 1
+1 1
+1 1
+1 1
+1 1
+1 1
+1 1
+1 1
+1 1
+1 1
+1 1
+1 1
+1 1
+1 1
+1 1

fl=(66)
fn=(284)
30 2
fi=(67) /build/buildd/eglibc-2.19/malloc/arena.c
373 3
fe=(66)
29 3
cfi=(67)
cfn=(286) ptmalloc_init.part.7
calls=1 371 
* 57839
* 1
+4 1
-1 1
cfi=(65)
cfn=(298)
calls=1 2876 
* 1177

fl=(78) /build/buildd/eglibc-2.19/gmon/../sysdeps/unix/sysv/linux/prof-freq.c
fn=(320) __profile_frequency
28 2
+1 1

fl=(71)
fn=(304)
46 2
+1 2
cfi=(72) /build/buildd/eglibc-2.19/misc/sbrk.c
cfn=(306) sbrk
calls=2 -13 
* 72
+2 6
+3 6

fl=(72)
fn=(306)
34 2
+8 2
-8 6
+8 9
+4 4
+4 4
+3 1
cfi=(73) /build/buildd/eglibc-2.19/misc/../sysdeps/unix/sysv/linux/x86_64/brk.c
cfn=(308) brk
calls=1 -22 
* 13
* 2
+4 10
-14 2
cfi=(73)
cfn=(308)
calls=1 -12 
* 13
* 4

fl=(80)
fn=(340)
30 1
+2 1
cfi=(81) /build/buildd/eglibc-2.19/setjmp/../sysdeps/x86_64/setjmp.S
cfn=(342) __sigsetjmp
calls=1 -6 
* 27

fl=(44) /build/buildd/eglibc-2.19/elf/../sysdeps/unix/sysv/linux/dl-vdso.c
fn=(178) _dl_vdso_vsym
27 4
-1 4
+1 4
+4 8
-3 8

fl=(67)
fn=(286)
371 6
+13 1
-8 1
+8 1
+7 2
+1 2
-1 1
+1 10
cfi=(70)
cfn=(296)
calls=1 116 
* 9
+2 5
+16 2
-74 176
+16 88
-18 267
455 2
+6 2
+1 2
+2 1
+1 7
-80 5
cfi=(68)
cfn=(288)
calls=1 126 
* 57231
* 2
+1 4
-49 10
+1 2

fl=(75)
fn=(314)
64 6
+9 2
+13 5
+5 1
+15 1
+3 1
-2 2
-5 3
+7 14
-8 1
+1 1
+1 1
+1 1
+2 1
+3 1
cfi=(76)
cfn=(316)
calls=1 -72 
* 108
* 2
+3 1
+1 1
cfi=(78)
cfn=(320)
calls=1 -85 
* 3
* 2
+2 1
-2 1
+2 1
-2 3
+1 3
+1 1
-1 1
+1 1
cfi=(79) /build/buildd/eglibc-2.19/time/../sysdeps/unix/syscall-template.S
cfn=(322) setitimer
calls=1 -34 
* 5
+1 6

fl=(58)
fn=(238)
33 3
+1 1

fl=(42)
fn=(174)
37 1
-1 1
fi=(43) /build/buildd/eglibc-2.19/time/../sysdeps/generic/dl-hash.h
+8 1
fe=(42)
-7 2
fi=(43)
+8 1
fe=(42)
-8 1
fi=(43)
+6 1
+5 3
+1 2
+13 2
-17 3
+3 9
+1 6
+13 6
-17 9
+22 1
fe=(42)
-30 2
+3 2
-3 1
+3 1
cfi=(44)
cfn=(178)
calls=1 -13 
* 7
* 3
+1 3

fl=(45)
fn=(182)
31 1
-1 1
fi=(43)
+14 1
fe=(45)
-13 2
fi=(43)
+14 1
fe=(45)
-14 1
fi=(43)
+12 1
+5 3
+1 2
+13 2
-17 3
+3 9
+1 6
+13 6
-17 9
+22 1
fe=(45)
-36 2
+3 2
-3 1
+3 1
cfi=(44)
cfn=(178)
calls=1 -7 
* 7
+1 3
+1 3

fl=(79)
fn=(322)
81 4
+1 1

fl=(73)
fn=(308)
31 2
-3 2
+3 14
+8 2
-6 4
+7 2

fl=(56)
fn=(234) intel_check_word
162 12
+6 6
-7 12
+7 12
-7 6
+7 12
-7 6
+7 6
+2 6
-2 6
+2 16
+2 5
+2 10
-2 8
+2 16
+8 26
+53 26
fi=(57) /build/buildd/eglibc-2.19/string/../bits/stdlib-bsearch.h
27 13
+1 26
+3 26
+1 13
fe=(56)
150 26
fi=(57)
31 42
+1 21
fe=(56)
150 42
+3 84
fi=(57)
29 61
+2 61
-2 61
+2 106
+1 53
fe=(56)
150 106
275 12
+14 2
+6 11
170 22
-6 4
300 16
fi=(57)
37 23
-8 48
fe=(56)
277 2
+2 4
+21 4
-19 2
+19 4

fn=(232) handle_intel
306 4
-1 4
+17 2
-17 12
+14 2
+1 4
-3 6
+23 10
cfn=(234)
calls=2 162 
* 652
+1 4
+3 10
cfn=(234)
calls=2 162 
* 325
+1 4
+3 5
cfn=(234)
calls=1 162 
* 20
+1 2
+3 5
cfn=(234)
calls=1 162 
* 89
+1 2
-25 4
+5 2
-5 4
+5 2
+2 2
+1 2
-1 4
+27 16

fn=(230)
550 1
+13 1
-13 1
+13 1
-13 1
+13 1
+7 2
+2 3
cfn=(232)
calls=1 306 
* 734
+4 2
-4 1
+4 1
cfn=(232)
calls=1 306 
* 464
+2 1
-2 1
-1 1
+3 1
+29 1
-18 1
+18 3
+7 2
+9 20
-9 12
+6 6
-6 3
+6 2
+49 4
+75 2
+2 1
+1 1
+2 1
-3 1
+5 1
-5 1
+4 3
+4 2
+2 1
+1 1
+2 1
-3 1
+5 1
+2 1
-7 1
+4 2
+3 1
-3 1
+3 2
-93 5
-45 2
+6 5
+7 2
+4 4
+2 4
-6 4
+4 1
-2 1
+2 1
-4 3
+4 1
-2 1
+2 1
+15 2
-8 1
+2 2
+1 1
-1 2
+1 1
+1 1

fl=(81)
fn=(342)
26 1
+9 1
+1 2
+1 1
+4 1
+1 1
+1 1
+1 1
+1 1
+2 2
+2 1
+1 1
+3 2
+2 1
+9 1
cfi=(82)
cfn=(344)
calls=1 -35 
* 9

fl=(50)
fn=(218)
52 8
+6 3
+14 1
fi=(51) /build/buildd/eglibc-2.19/csu/../sysdeps/generic/dl-hash.h
-28 1
fe=(50)
+26 1
+1 1
fi=(52) /build/buildd/eglibc-2.19/csu/../sysdeps/unix/sysv/linux/x86_64/init-first.c
-33 1
fi=(51)
+7 1
fi=(52)
-7 1
fe=(50)
+34 1
fi=(52)
-34 2
fi=(51)
+5 1
+5 3
+1 2
+13 2
-17 3
+3 9
+1 6
+13 6
-17 9
+22 1
fi=(52)
-29 2
+2 2
-2 1
+2 2
cfi=(44)
cfn=(178)
calls=1 -13 
* 7
+1 2
+5 2
-3 2
+1 1
+2 1
cfi=(44)
cfn=(178)
calls=1 -19 
* 7
fe=(50)
+40 1
fi=(52)
-36 1
fe=(50)
+36 2
fi=(52)
-36 2
+1 2
+1 1
fe=(50)
+34 1
cfi=(53)
cfn=(224)
calls=1 -56 
* 48
+8 1
cfi=(55)
cfn=(228)
calls=1 -63 
* 16
+5 6
-34 1
-7 1
+7 4
fi=(52)
-23 2
fe=(50)

ob=(5)
fl=(83)
fn=(346)
16 4
cob=(3)
cfi=(84)
cfn=(352)
calls=1 +16 
* 35
cob=(1)
cfi=(60)
cfn=(250)
calls=1 +18 
* 766
* 5
* 2
+8 2
+2 30
+3 1064
+2 266
+1 296
+1 266
+1 206
+13 266
+2 13205
+5 32400
+5 300
+4 33600
+5 300
+4 318360
+5 2040
-30 8186
-21 426
-2 44

fl=(59)
fn=(262)
0 16
cob=(2)
cfi=(14)
cfn=(264)
calls=1 0 
0 62836
0 7
cfn=(332) 0x0000000000400660
calls=1 0 
0 15
0 11

fn=(268)
0 8
cob=(3)
cfi=(64)
cfn=(274)
calls=1 104 
0 60998
cob=(1)
cfi=(60)
cfn=(250)
calls=1 34 
0 873
0 5
0 3
cfn=(324) atexit
calls=1 0 
0 942

fn=(324)
0 6
cob=(3)
cfi=(63)
cfn=(258)
calls=1 57 
0 66
cob=(1)
cfi=(60)
cfn=(250)
calls=1 34 
0 865
0 5

fn=(332)
0 15

fn=(242)
0 11
cob=(3)
cfi=(62)
cfn=(256)
calls=1 133 
0 475101
cob=(1)
cfi=(60)
cfn=(250)
calls=1 34 
0 932
0 5

totals: 576300
