version: 1
creator: callgrind-3.10.0.SVN
pid: 17929
cmd:  ./modelo
part: 1


desc: I1 cache: 
desc: D1 cache: 
desc: LL cache: 

desc: Timerange: Basic block 0 - 54031
desc: Trigger: Program termination

positions: instr line
events: Ir
summary: 576232


ob=(2) ???
fl=(14) ???
fn=(264) 0x00000000004004c0
0x4004c0 0 1
+4 0 1
+7 0 1
+3 0 1
+2 0 1
cob=(5) /home/gcastilhos/Desktop/HotSpot-6.0/modelo
cfi=(59) ???
cfn=(268) __gmon_start__
calls=1 0x400590 0 
* 0 62829
+5 0 1
+4 0 1

fn=(206) 0x0000000004a25560
0x4a25560 0 1
+4 0 1
+7 0 1
+3 0 1
+7 0 1
+4 0 1

ob=(4) /usr/lib/valgrind/vgpreload_core-amd64-linux.so
fl=(49) ???
fn=(210) 0x0000000000000670
0x5f0 0 1
+7 0 1
+7 0 1
+1 0 1
+3 0 1
+3 0 1
+4 0 1
+3 0 1
+4 0 1
+3 0 1
+3 0 1
+2 0 1
+1 0 1
+87 0 1
+8 0 1
+40 0 1

ob=(1) /lib/x86_64-linux-gnu/ld-2.19.so
fl=(32) /build/buildd/eglibc-2.19/io/../sysdeps/unix/sysv/linux/wordsize-64/fxstat.c
fn=(112) _fxstat
0x19450 34 3
+3 -1 3
+2 +1 3
+2 +1 3
+3 * 3
+3 * 3
+5 * 3
+2 * 3
+6 * 3
+2 +4 3

fl=(16) /build/buildd/eglibc-2.19/string/../sysdeps/x86_64/multiarch/../memcpy.S
fn=(42) memcpy
0x1abf0 61 15
+4 +2 15
+3 +2 15
+2 +3 13
+3 +1 13
+2 +2 4
+3 +1 4
+2 +2 4
+3 +1 4
+3 +5 4
+3 +1 4
-3 -1 9
+3 +1 9
+2 +2 4
+3 +1 4
+3 +2 4
+4 +1 4
+4 * 4
+4 +5 4
+3 +1 4
-3 -1 9
+3 +1 9
+2 +2 2
+2 +1 2
+2 +2 2
+4 +1 2
+4 +5 2
+3 +1 2
-3 -1 11
+3 +1 11
+2 +2 6
+3 +1 6
+3 +2 6
+4 +1 6
+4 +5 6
+6 +1 6
-6 -1 7
+6 +1 7
+2 * 6
+4 +5 6
+3 +1 6
+4 +1 6
+3 +1 6
+4 +2 6
+3 +2 6
+4 +1 6
+4 +2 6
+2 +8 13
+5 +8 6
+5 +6 6
+2 +2 6
+3 +1 6
+2 +3 3
+5 +1 3
+3 * 3
+12 +5 3
+3 +1 3
+2 +2 3
+2 +2 3
+4 +1 3
+4 +2 3
-15 -8 8
+3 +1 8
+2 +2 8
+2 +2 8
+4 +1 8
+4 +2 8
+2 * 3
+15 +9 3
+7 +1 3
-7 -1 3
+7 +1 3
+2 +3 6
+2 +1 6
+3 +1 6
+2 +5 5
+2 +2 5
+3 +1 5
+4 +1 5
+4 +1 5
+4 +2 5
+3 +1 5
+4 +1 5
+4 +1 5
+4 +2 5
+4 +1 5
+4 +2 5
+56 +22 6
+3 +6 6
+5 +1 6
+6 +2 2

fl=(9) /build/buildd/eglibc-2.19/string/../sysdeps/x86_64/multiarch/../rtld-strlen.S
fn=(18) strlen
0x19ca0 26 17
+3 +1 17
+3 +1 17
+3 +1 17
+2 +2 9
+2 +1 9
+3 +2 9
+3 +1 9
-3 -1 30
+3 +1 30
+6 +1 38
+3 +1 38
+2 +1 38
+2 +2 16
+10 * 16
+6 +5 16
+3 +1 16
+4 +1 16
+3 +1 16
+3 +3 16
-13 -6 4
+3 +1 4
+4 +1 4
+3 +1 4
+3 +3 4
+2 +1 18
+3 +1 18
+3 +1 18
+3 +2 18
+2 +3 15
+3 +1 15
+4 +1 15
+3 +1 15
+3 +3 15
+2 +1 10
+3 +1 10
+3 +1 10
+3 +2 10
+2 +3 8
+3 +1 8
+4 +1 8
+3 +1 8
+3 +3 8
+2 +1 7
+3 +1 7
+3 +1 7
+3 +2 7
+2 +3 7
+3 +1 7
+4 +1 7
+3 +1 7
+3 +3 7
+2 +1 5
+3 +1 5
+3 +1 5
+3 +2 5
+2 * 1
+8 +3 1
+4 +2 1
+2 +1 1
-6 -3 15
+4 +2 15
+2 +1 15
+2 +1 13
+3 +2 13
+2 +1 13
+2 +1 11
+3 +2 11
+6 +1 11
+2 +1 8
+3 +2 8
+6 +1 8
+2 +1 8
+3 +2 8
+4 +2 8
+2 +1 8
+2 +1 8
+3 +2 8
+2 +1 8
+2 +1 6
+3 +2 6
+6 +1 6
+2 +1 5
+3 +2 5
+3 +1 5
-3 -1 12
+3 +1 12

fl=(11) /build/buildd/eglibc-2.19/elf/dl-environ.c
fn=(24) _dl_next_ld_env_entry
0x17a20 30 3
+3 +3 3
+3 * 3
+3 * 3
+2 * 2
+5 +2 2
+3 * 2
-3 * 86
+3 * 86
+2 +11 86
+4 -13 86
+3 * 86
+3 * 86
+2 -2 1
+2 +19 1
+1 -14 25
+4 * 25
+2 * 2
+4 * 2
+2 * 2
+2 +5 2
+4 -3 2
+4 +3 2
+3 +2 2

fl=(31) /build/buildd/eglibc-2.19/elf/dl-misc.c
fn=(100) _dl_name_match_p
0x111c0 288 37
+1 * 37
+3 * 37
+1 * 37
+3 * 37
+4 +1 37
+4 * 37
cfi=(17) /build/buildd/eglibc-2.19/string/../sysdeps/x86_64/multiarch/../strcmp.S
cfn=(50) strcmp
calls=37 0x19c70 131 
* * 266
+5 * 37
+2 +1 37
+5 -1 37
+2 +3 37
+4 +2 37
+3 * 37
+11 +4 38
+4 -4 38
+3 * 38
+2 +1 41
+3 * 41
+3 * 41
cfi=(17)
cfn=(50)
calls=41 0x19c70 131 
* * 692
+5 * 41
+2 * 41
+2 -5 3
+5 +11 3
+4 * 3
+2 * 3
+1 * 3
+1 * 3
+11 * 34
+4 -1 34
+2 +1 34
+1 * 34
+2 * 34
+1 * 34

fn=(132) _dl_sysdep_read_whole_file
0x11020 45 1
+2 +7 1
+2 -7 1
+3 * 1
+2 * 1
+3 +7 1
+5 -7 1
+1 +1 1
+7 -1 1
+1 * 1
+7 +7 1
cfi=(23) /build/buildd/eglibc-2.19/io/../sysdeps/unix/syscall-template.S
cfn=(104) open
calls=1 0x194d0 +29 
* * 5
+5 +1 1
+2 -1 1
+2 +1 1
+2 +2 1
+3 * 1
+2 * 1
+5 * 1
cfi=(32)
cfn=(112)
calls=1 0x19450 -21 
* * 10
+5 * 1
+2 * 1
+2 +2 1
+5 +3 1
+3 -3 1
+4 +3 1
+9 +13 1
+2 * 1
cfi=(23)
cfn=(118) close
calls=1 0x19630 +8 
* * 5
+5 +3 1
+7 * 1
+3 * 1
+1 * 1
+1 * 1
+2 * 1
+2 * 1
+5 -14 1
+3 * 1
+3 * 1
+5 * 1
+3 * 1
+2 * 1
cfi=(25) /build/buildd/eglibc-2.19/misc/../sysdeps/unix/syscall-template.S
cfn=(68) mmap
calls=1 0x19650 +19 
* * 6
+5 * 1
+3 * 1

fl=(26) /build/buildd/eglibc-2.19/string/../sysdeps/x86_64/rtld-memset.S
fn=(70) memset
0x1a9b0 30 10
+3 +1 10
+4 +1 10
+3 +1 10
* * 2134
+2 +1 10
+3 +1 10

fl=(60) /build/buildd/eglibc-2.19/elf/../sysdeps/x86_64/dl-trampoline.S
fn=(250) _dl_runtime_resolve
0x164e0 34 6
+4 +2 6
+4 +1 6
+5 +1 6
+5 +1 6
+5 +1 6
+5 +1 6
+5 +1 6
+5 +1 6
+5 +1 6
+5 +1 6
cfi=(61) /build/buildd/eglibc-2.19/elf/../elf/dl-runtime.c
cfn=(252) _dl_fixup
calls=6 0xf460 +21 
* * 5068
+5 +1 6
+3 +1 6
+5 +1 6
+5 +1 6
+5 +1 6
+5 +1 6
+5 +1 6
+5 +1 6
+4 +1 6
+4 +2 6

fl=(35) /build/buildd/eglibc-2.19/elf/dl-cache.c
fn=(196) _dl_unload_cache
0x17380 309 1
+7 * 1
+4 * 1
+4 * 1
+9 -1 1
+4 +3 1
+7 * 1
cfi=(25)
cfn=(198) munmap
calls=1 0x19680 81 
* * 5
+5 +1 1
+11 +2 1
+4 * 1

fn=(130) _dl_load_cache_lookup
0x16d40 182 1
+2 * 1
+2 * 1
+2 * 1
+2 * 1
+1 * 1
+3 * 1
+1 * 1
+4 +8 1
+7 * 1
+6 +3 1
+7 * 1
+3 * 1
+26 +51 1
+7 * 1
+4 * 1
+6 +9 1
+3 +6 1
+7 * 1
+2 -6 1
+4 * 1
+4 * 1
+4 +6 1
cfi=(23)
cfn=(64) access
calls=1 0x19530 81 
* * 9
+5 * 1
+4 +4 1
+7 -10 1
+3 +10 1
+5 * 1
+7 * 1
+5 +15 1
+7 * 1
+4 * 1
+4 * 1
+2 * 1
+3 * 1
+3 * 1
+3 * 1
+4 * 1
+4 * 1
+2 * 1
+2 * 1
+2 * 1
+9 * 2
+4 * 2
+3 * 2
+2 * 5
+4 * 5
+7 * 5
+2 * 5
+3 * 5
+4 * 5
+3 * 5
+3 * 5
+4 * 5
+4 * 5
+3 * 5
+3 * 5
+2 * 6
+3 * 6
+3 * 6
cfn=(134) _dl_cache_libcmp
calls=6 0x16c50 138 
* * 463
+5 * 6
+2 * 6
+6 * 5
+2 * 3
+4 * 3
+3 * 3
+1 * 3
0x16f07 -82 1
+7 * 1
+7 * 1
+5 * 1
cfi=(31)
cfn=(132)
calls=1 0x11020 45 
* * 67
+5 +8 1
+4 -8 1
+3 +8 1
+6 * 1
+7 * 1
+4 * 1
+2 +1 1
+7 * 1
+5 * 1
+3 * 1
cfi=(12) /build/buildd/eglibc-2.19/string/../string/memcmp.c
cfn=(26) bcmp
calls=1 0x1a300 315 
* * 112
+5 * 1
+2 * 1
+2 +7 1
+3 -3 1
+7 +3 1
+4 * 1
+8 * 1
+4 +3 1
+4 +1 1
+4 * 1
+3 -1 1
+7 +1 1
+2 +1 1
+7 * 1
+5 * 1
cfi=(12)
cfn=(26)
calls=1 0x1a300 +98 
* * 111
+5 * 1
+2 * 1
+13 +2 1
+3 * 1
0x17018 +59 1
+3 * 1
+5 * 1
+2 * 1
+4 * 1
+7 * 1
+3 * 1
+4 * 1
+4 * 1
+3 * 1
+13 * 1
+2 * 1
+7 * 1
+2 * 1
+3 * 1
+3 * 1
+4 * 1
+4 * 1
+3 * 1
+2 * 1
+3 * 1
+2 * 1
+3 * 1
+3 * 1
cfn=(134)
calls=1 0x16c50 138 
* * 72
-6 * 1
+3 * 1
+3 * 1
cfn=(134)
calls=1 0x16c50 138 
* * 145
+5 * 2
+2 * 2
+2 * 1
+7 * 1
+3 -14 1
+5 * 1
+5 * 1
+10 * 1
+4 +14 1
+3 -14 1
+3 * 1
+2 -1 1
+3 * 1
+6 * 1
+3 +15 1
+3 * 1
+3 * 1
+6 * 1
+7 * 1
+4 * 1
+3 * 1
+4 * 1
+5 * 1
-16 * 1
+4 * 1
+3 * 1
+4 * 1
+5 * 1
+52 * 2
+6 * 2
+2 * 1
+3 * 1
+3 * 1
+2 * 1
+3 * 1
+14 * 1
+4 * 1
+2 * 1
+6 * 1
+2 * 1
+6 * 1
+10 * 1
+4 * 1
+6 * 1
0x17201 +16 1
+7 * 1
+6 +5 1
+4 * 1
+3 * 1
+1 * 1
+1 * 1
+2 * 1
+2 * 1
+2 * 1
+2 * 1
0x17307 -21 1
+3 * 1
+6 * 1

fn=(134)
0x16c50 138 8
+3 * 8
+3 * 8
+10 +1 8
+2 * 8
-2 * 2
+2 * 2
+6 +2 45
+3 * 45
+3 +2 45
+3 -2 45
+6 +2 2
+3 * 2
+6 +6 2
+4 +2 2
+4 -1 2
+3 -1 2
+4 +1 2
+4 -1 2
+3 +2 2
+3 * 2
+2 * 2
+28 +2 2
+4 * 2
+3 * 2
+4 * 2
+3 * 2
+35 +2 2
+3 * 2
+21 +6 43
+3 * 43
+2 +2 43
+2 * 43
+2 * 37
+4 * 37
+4 +4 37
+4 +1 37
+4 -29 37
+2 * 37
+6 +32 2
+3 * 2
+2 +1 2
+2 * 2
+9 -8 6
+2 +8 6
+2 * 6

fl=(48) /build/buildd/eglibc-2.19/elf/dl-init.c
fn=(204) call_init.part.0
0x100a0 34 4
+2 * 4
+2 * 4
+3 * 4
+2 * 4
+3 * 4
+1 * 4
+2 * 4
+1 +8 4
+7 -8 4
+3 +11 4
+4 -3 4
+3 * 4
+6 +3 4
+3 * 4
+2 * 4
+6 +5 3
+7 * 3
+3 * 3
+2 +5 2
+7 * 2
+2 +8 2
+3 * 2
+2 +1 2
+4 * 2
+3 * 2
+3 * 2
+3 * 2
+2 * 2
cob=(3) /lib/x86_64-linux-gnu/libc-2.19.so
cfi=(50) /build/buildd/eglibc-2.19/csu/../csu/init-first.c
cfn=(218) _init
calls=1 0x21c20 -12 
* * 181
cob=(2)
cfi=(14)
cfn=(206)
calls=1 0x4a25560 -64 
* * 6
+2 +3 2
+7 +1 2
+3 * 2
+2 +6 2
+7 +2 2
+3 * 2
+4 -2 2
+4 * 2
+4 +3 2
+2 * 2
+2 * 2
+3 * 2
+5 * 2
+5 +1 2
+3 * 2
+3 * 2
+2 * 2
cob=(3)
cfi=(56) /build/buildd/eglibc-2.19/string/../sysdeps/x86_64/multiarch/../cacheinfo.c
cfn=(230) init_cacheinfo
calls=1 0x21980 550 
* * 1342
cob=(4)
cfi=(49)
cfn=(210)
calls=1 0x670 -78 
* * 16
-8 * 1
+3 * 1
+3 * 1
+2 * 1
cob=(3)
cfi=(58) /build/buildd/eglibc-2.19/elf/dl-altinit.c
cfn=(238) dlinit_alt
calls=1 0x21be0 -45 
* * 4
+2 * 3
+4 -1 3
+3 * 3
+2 +3 3
+1 * 3
+1 * 3
+2 * 3
+2 * 3
+2 * 3
+5 -29 1
+8 * 1
+2 +29 1
+1 * 1
+1 * 1
+2 * 1
+2 * 1
+2 * 1
+58 -34 1
+2 * 1
+6 * 1

fn=(202) _dl_init
0x101b0 86 1
+2 * 1
+2 * 1
+3 * 1
+2 * 1
+3 * 1
+2 * 1
+3 * 1
+1 * 1
+2 * 1
+1 * 1
+4 +1 1
+7 +1 1
+7 +3 1
+7 * 1
+3 * 1
+2 +7 1
+3 * 1
+2 * 1
+7 * 1
+3 +27 1
+6 * 4
+3 * 4
+3 * 4
-3 * 1
+3 * 1
+2 +1 4
+7 * 4
+2 * 4
+4 -90 4
+7 * 4
+2 * 3
+3 * 3
+3 * 3
+2 * 3
cfn=(204)
calls=3 0x100a0 -2 
* * 1641
+5 * 3
+5 +96 1
+4 * 1
+1 * 1
+1 * 1
+2 * 1
+2 * 1
+2 * 1
+2 * 1
+1 -96 1
+7 * 1
+2 * 1
cfn=(204)
calls=1 0x100a0 -2 
* * 77
+5 +58 1
+11 * 1

fl=(21) /build/buildd/eglibc-2.19/elf/dl-load.c
fn=(74) fillin_rpath
0x7f40 486 1
+2 * 1
+2 * 1
+2 * 1
+2 * 1
+1 * 1
+3 * 1
+3 * 1
+1 +2 1
+2 -2 1
+4 * 1
+5 * 1
+5 * 1
+5 * 1
+4 * 1
+5 * 1
+3 * 1
+5 * 1
+5 +5 1
cfi=(15) /build/buildd/eglibc-2.19/elf/dl-minimal.c
cfn=(76) strsep
calls=1 0x180f0 338 
* * 21
+5 * 1
+3 * 1
+6 * 1
+7 +4 1
+8 * 1
+5 * 1
+3 * 1
cfn=(78) expand_dynamic_string_token
calls=1 0x7dd0 -80 
* * 125
-16 * 2
+8 * 2
+5 * 2
+3 * 2
cfn=(78)
calls=2 0x7dd0 -80 
* * 384
+5 +2 3
+3 -2 3
+3 +2 3
cfi=(9)
cfn=(18)
calls=3 0x19ca0 26 
* * 97
+5 +4 3
+3 -4 3
+3 +4 3
+6 +7 2
+4 * 2
+2 * 2
+6 * 2
+4 * 2
+2 * 2
+82 +34 3
+6 * 3
+25 +4 3
+7 * 3
+8 * 3
+5 +1 3
+4 * 3
+5 * 3
+4 -1 3
+5 +1 3
+5 -2 3
cfi=(15)
cfn=(36) malloc
calls=3 0x17bf0 93 
* * 102
* * 3
+5 +3 3
+3 -3 3
+3 +3 3
+5 * 3
+5 * 3
+6 +5 3
+4 +1 3
+3 * 3
+3 * 3
+5 -2 3
+4 +2 3
cfi=(24) /build/buildd/eglibc-2.19/string/../sysdeps/x86_64/memcpy.S
cfn=(66) mempcpy
calls=3 0x1a9c0 61 
* * 72
+5 +3 3
+7 -3 3
+3 +3 3
+5 -2 3
+4 +2 3
+9 +6 3
+2 * 3
+5 * 3
+3 * 3
+2 +1 3
+3 * 3
+2 * 3
+3 * 3
+3 * 3
+3 * 3
+3 * 3
+6 * 3
+4 * 3
+6 * 3
+2 * 3
+3 * 3
+4 * 3
+3 * 3
+2 +1 3
+5 * 3
+4 * 3
+3 * 3
-12 * 3
+5 * 3
+4 * 3
+3 * 3
+2 * 3
+3 * 3
+35 +3 3
+6 -1 3
+5 * 3
+4 +1 3
+36 +7 3
+5 +1 3
+7 -1 3
+3 +4 3
+5 * 3
+4 * 3
+5 +2 3
+3 * 3
cfi=(15)
cfn=(82) free
calls=3 0x17c40 121 
* * 18
* * 3
+5 * 3
+5 * 3
+5 -90 3
cfi=(15)
cfn=(76)
calls=3 0x180f0 338 
* * 536
+5 * 3
+3 * 3
+6 +94 1
+9 +3 1
+4 * 1
+3 * 1
+1 * 1
+1 * 1
+2 * 1
+2 * 1
+2 * 1
+2 * 1
+6 -72 1
+4 * 1
+2 * 1
+2 -12 1
+7 +19 1
+7 * 1
+3 * 1
+5 * 1
-15 * 2
+7 * 2
+3 * 2
+5 * 2
+6 * 3
+3 * 3
+9 * 15
+3 * 15
+3 * 15
+6 +1 15
+4 * 15
+94 -16 2
+3 * 2
+7 +5 2
+4 * 2
+6 +3 2
+4 * 2
+2 * 2
+2 * 2
+3 * 2
+5 +26 3
+9 * 3
+90 +31 3
+8 * 3

fn=(102) open_verify
0x55b0 1873 1
+1 * 1
+3 * 1
+2 * 1
+2 * 1
+2 * 1
+3 * 1
+2 * 1
+1 * 1
+3 * 1
+4 +36 1
+6 -36 1
+4 * 1
+4 +36 1
+2 * 1
+6 +21 1
+4 * 1
+2 * 1
+5 * 1
cfi=(23)
cfn=(104)
calls=1 0x194d0 81 
* * 5
+5 +1 1
+3 -1 1
+3 +1 1
+6 +10 1
+10 +1 1
+3 * 1
+7 +5 1
+6 * 1
+3 * 1
+3 * 1
+5 * 1
+3 * 1
cfi=(23)
cfn=(106) read
calls=1 0x194f0 81 
* * 5
+5 +2 1
+3 * 1
+6 +2 1
+3 +2 1
+4 -2 1
+3 * 1
+3 +2 1
+2 +6 1
+4 * 1
+6 +16 1
+4 * 1
+7 * 1
+5 * 1
+3 * 1
cfi=(12)
cfn=(26)
calls=1 0x1a300 315 
* * 88
+5 * 1
+2 * 1
+6 +2 1
+4 -2 1
+2 * 1
+6 +4 1
+4 * 1
+7 * 1
+5 * 1
cfi=(12)
cfn=(26)
calls=1 0x1a300 315 
* * 80
+5 -4 1
+2 * 1
+6 +75 1
+4 * 1
+6 +5 1
+5 * 1
+6 +3 1
+4 * 1
+3 * 1
+4 * 1
+6 +5 1
+5 * 1
+6 +7 1
+4 +1 1
+4 -1 1
+4 * 1
+8 * 1
+4 * 1
+3 +1 1
+4 * 1
+3 * 1
+6 +1 1
+5 +15 1
+3 * 1
+3 * 1
+6 * 1
+3 * 1
+2 * 7
+3 * 7
+4 * 7
+8 * 7
+4 * 7
+3 * 7
+3 * 7
+3 * 7
+6 +2 7
+4 * 7
+2 * 1
+4 * 1
+4 * 1
+2 * 1
+5 * 1
+2 +4 1
+4 * 1
+4 * 1
+3 * 1
+6 +1 1
+5 * 1
+9 +13 1
+4 +1 1
+4 +2 1
+5 -3 1
+4 +1 1
+4 -1 1
+4 +1 1
+4 -2 1
+5 +4 1
+3 * 1
+12 -7 1
+7 * 1
+5 * 1
+3 * 1
cfi=(12)
cfn=(26)
calls=1 0x1a300 315 
* * 80
+5 * 1
+2 * 1
0x5848 -97 1
+4 * 1
+12 * 1
+3 2154 1
+4 * 1
+1 * 1
+2 * 1
+2 * 1
+2 * 1
+2 * 1
+1 * 1

fn=(126) open_verify.constprop.6
0x5b20 1871 13
+1 * 13
+3 * 13
+2 * 13
+2 * 13
+2 * 13
+3 * 13
+2 * 13
+1 * 13
+3 * 13
+4 +38 13
+6 -38 13
+4 +38 13
+2 * 13
+6 +21 13
+4 * 13
+2 * 13
+5 * 13
cfi=(23)
cfn=(104)
calls=13 0x194d0 81 
* * 113
+5 +1 13
+3 -1 13
+3 +1 13
+6 +10 1
+10 +1 1
+3 * 1
+7 +5 1
+6 * 1
+3 * 1
+3 * 1
+5 * 1
+3 * 1
cfi=(23)
cfn=(106)
calls=1 0x194f0 81 
* * 5
+5 +2 1
+3 * 1
+6 +2 1
+3 +2 1
+4 -2 1
+3 * 1
+3 +2 1
+2 +6 1
+4 * 1
+6 +16 1
+4 * 1
+7 * 1
+5 * 1
+3 * 1
cfi=(12)
cfn=(26)
calls=1 0x1a300 315 
* * 88
+5 * 1
+2 * 1
+6 +2 1
+4 -2 1
+2 * 1
+6 +4 1
+4 * 1
+7 * 1
+5 * 1
cfi=(12)
cfn=(26)
calls=1 0x1a300 315 
* * 80
+5 -4 1
+2 * 1
+6 +75 1
+4 * 1
+6 +5 1
+5 * 1
+6 +3 1
+4 * 1
+3 * 1
+4 * 1
+6 +5 1
+5 * 1
+6 +7 1
+4 +1 1
+4 -1 1
+4 * 1
+8 * 1
+4 * 1
+3 * 1
+3 +1 1
+5 * 1
+3 * 1
+6 +1 1
+5 -2 1
+3 +17 1
+3 * 1
+3 * 1
+6 * 1
+3 * 1
+7 * 5
+3 * 5
+4 * 5
+8 * 5
+4 * 5
+3 * 5
+3 * 5
+3 * 5
+6 +2 6
+4 * 6
+2 * 1
+4 * 1
+4 * 1
+2 * 1
+5 * 1
+2 +4 1
+4 * 1
+4 * 1
+3 * 1
+6 +1 1
+5 * 1
+9 +13 1
+4 +1 1
+4 +2 1
+5 -3 1
+4 +1 1
+4 -1 1
+4 +1 1
+4 -2 1
+5 +4 1
+3 * 1
+6 +5 1
+3 +1 1
+3 -13 1
+7 * 1
+5 * 1
+3 * 1
cfi=(12)
cfn=(26)
calls=1 0x1a300 315 
* * 73
-15 * 1
+7 * 1
+5 * 1
+3 * 1
cfi=(12)
cfn=(26)
calls=1 0x1a300 315 
* * 80
+5 * 2
+2 * 2
+2 +16 1
+3 * 1
+6 +6 1
+4 -3 1
+4 +1 1
+4 +1 1
+4 +1 1
+2 * 1
+2 +1 1
+6 * 1
+3 * 1
+2 * 1
+2 -4 1
+4 +1 1
+4 +1 1
+4 -1 1
+4 * 1
+3 * 1
+3 -1 1
+2 +4 1
+2 * 1
+21 +5 12
+5 +23 12
+4 * 12
+1 * 12
+2 * 12
+2 * 12
+2 * 12
+2 * 12
+1 * 12
-14 * 1
+4 * 1
+1 * 1
+2 * 1
+2 * 1
+2 * 1
+2 * 1
+1 * 1

fn=(108) _dl_map_object_from_fd
0x6600 923 2
+1 * 2
+3 * 2
+2 * 2
+2 * 2
+3 * 2
+2 * 2
+2 * 2
+3 * 2
+1 * 2
+3 * 2
+7 * 2
+6 +11 2
+4 -11 2
+7 +11 2
+2 -11 2
+7 * 2
+7 +11 2
cfi=(28) /build/buildd/eglibc-2.19/elf/dl-debug.c
cfn=(84) _dl_debug_initialize
calls=2 0x10980 50 
* * 16
+5 +4 2
+7 * 2
+3 * 2
+5 -4 2
+7 +4 2
cfi=(32)
cfn=(112)
calls=2 0x19450 34 
* * 20
+5 * 2
+2 * 2
+6 +11 2
+4 * 2
+7 * 2
+4 * 2
+4 * 2
+4 * 2
+3 * 2
+6 +1 2
+7 * 2
+7 * 2
+12 -1 5
+4 * 5
+3 * 5
+2 +1 5
+8 * 5
+2 * 5
+7 * 5
0x6720 +17 2
+5 * 2
+6 +25 2
+4 * 2
+6 +10 2
+7 * 2
+6 +22 2
+7 * 2
+3 * 2
+2 * 2
+6 +32 2
+3 * 2
+6 935 2
+7 1059 2
+4 * 2
+4 * 2
+3 * 2
+7 * 2
+7 * 2
+2 * 2
cfi=(13) /build/buildd/eglibc-2.19/elf/dl-object.c
cfn=(28) _dl_new_object
calls=2 0xbaa0 61 
* * 1021
+5 +1 2
+3 -1 2
+3 +1 2
+6 +11 2
+7 * 2
+4 +5 2
+4 -5 2
+8 +1 2
+4 * 2
+7 +1 2
+4 +2 2
+3 -2 2
+9 +2 2
+8 * 2
+3 * 2
+4 * 2
+3 +1 2
+4 * 2
+3 * 2
+6 +1 2
+5 +24 2
+4 * 2
+7 +8 2
+3 -8 2
+4 * 2
+4 * 2
+6 * 2
+3 * 2
+5 * 2
+7 * 2
+8 * 2
+7 * 2
+4 +8 2
+3 -8 2
+7 +8 2
+6 +89 2
+3 -95 2
+3 -1 2
+3 +96 2
+3 1092 2
+11 1198 2
+6 * 2
+6 +8 2
+3 * 2
+3 * 2
+3 * 2
+3 * 2
+5 -96 7
+6 * 7
+6 * 5
+6 * 5
+6 * 3
+3 * 3
+6 * 2
+7 -1 2
+3 * 2
+4 * 2
+8 * 2
+4 * 2
+3 * 2
+3 * 2
+3 * 2
-28 * 15
+3 * 15
+4 * 15
+8 * 15
+4 * 15
+3 * 15
+3 * 15
+3 * 15
+6 +1 17
+2 * 17
+3 * 17
+2 * 16
+2 * 9
+3 * 9
+2 * 9
+2 * 5
+3 * 5
+2 +6 2
+4 * 2
+5 +1 2
+4 * 2
+4 * 2
+9 +1 2
+63 +3 1
+4 * 1
+8 +1 1
+12 +5 4
+7 * 4
+4 * 4
+4 * 4
+3 * 4
+6 +6 4
+4 * 4
+4 +1 4
+4 -1 4
+3 * 4
+3 * 4
+3 * 4
+6 +8 4
+4 +2 4
+3 * 4
+4 -2 4
+4 +1 4
+3 +4 4
+4 -5 4
+4 * 4
+7 +1 4
+3 * 4
+3 +1 4
+3 +1 4
+3 +3 4
+3 +4 4
+4 -9 4
+3 +2 4
+4 +1 4
+4 +1 4
+4 +1 4
+4 +4 4
+2 +1 2
+4 * 2
+5 * 2
+4 +5 2
+3 * 2
+5 -16 2
+3 +16 2
+3 * 2
+3 * 2
+2 * 2
+3 * 2
+3 +10 2
-25 -10 2
+3 * 2
+5 -16 2
+3 +16 2
+3 * 2
+3 * 2
+2 * 2
+3 * 2
+3 +10 2
+6 +3 1
+4 * 1
+3 * 1
+6 +5 1
+4 -1 1
+8 +3 1
+2 -1 1
+3 -1 1
+8 +1 1
+2 +3 1
+4 * 1
+4 * 1
+8 +1 1
+4 * 1
+8 +3 1
+4 * 1
+8 +4 1
+9 * 1
+3 * 1
+3 * 1
+6 +6 1
cfi=(36) /build/buildd/eglibc-2.19/elf/dl-tls.c
cfn=(136) _dl_next_tls_modid
calls=1 0x12750 50 
* * 8
+5 * 1
+8 * 1
+9 +1 1
+5 +60 2
+4 * 2
+8 +1 2
+4 * 2
+8 * 2
+9 +1 2
+15 -6 2
+3 * 2
+7 +1 2
+6 * 2
+3 * 2
+3 * 2
+3 +8 2
+3 * 2
+3 * 2
+6 +13 2
+5 * 2
+7 * 2
+4 * 2
+7 * 2
+8 * 2
+4 * 2
+7 * 2
+7 +2 2
+8 * 2
+6 +14 2
+7 +5 2
+7 * 2
+5 * 2
+8 * 2
+7 * 2
+7 * 2
cfi=(25)
cfn=(68)
calls=2 0x19650 81 
* * 12
+5 +4 2
+4 -4 2
+8 +4 2
+6 +7 2
+7 +1 2
+7 -1 2
+4 +1 2
+8 +2 2
+3 -3 2
+8 +1 2
+4 +2 2
+6 +10 2
+9 +2 2
+7 +33 2
+3 * 2
+3 * 2
-6 * 2
+3 * 2
+3 * 2
+2 +1 2
+4 * 2
+4 * 2
+8 +2 2
+9 * 2
-9 * 2
+9 * 2
+6 +8 4
+4 * 4
+4 * 4
+3 * 4
+2 +6 2
+4 +2 2
+7 -2 2
+3 +1 2
+3 +2 2
+3 -1 2
+5 +1 2
+3 -1 2
+3 * 2
+3 * 2
+4 +8 2
+3 * 2
+2 +3 2
+3 * 2
+6 +11 2
+3 * 2
+2 * 2
+3 * 2
+3 * 2
+7 * 2
+7 * 2
cfi=(26)
cfn=(70)
calls=2 0x1a9b0 30 
* * 1908
+5 +1 2
+3 * 2
+7 * 2
+7 * 2
+3 * 2
+6 +5 2
+3 * 2
+6 +15 4
+4 -74 4
+4 * 4
+4 * 4
+7 * 4
+3 * 4
+2 +2 2
+4 * 2
+3 * 2
+3 * 2
+6 +2 2
+3 * 2
+4 * 2
+3 * 2
+4 * 2
+7 * 2
+5 * 2
+3 * 2
cfi=(25)
cfn=(68)
calls=2 0x19650 81 
* * 12
+5 * 2
+4 * 2
+38 -30 2
+8 -1 2
+3 * 2
+4 * 2
+3 * 2
+2 * 2
cfi=(25)
cfn=(114) mprotect
calls=2 0x196a0 81 
* * 10
+5 * 2
+5 1072 2
+8 1418 2
+5 * 2
+7 * 2
+3 * 2
+6 +9 2
+4 * 2
fi=(3) /build/buildd/eglibc-2.19/elf/get-dynamic-info.h
+3 38 2
fe=(21)
+3 1427 2
fi=(3)
+5 38 2
+6 +6 2
+3 -2 2
+5 +2 2
+3 * 2
+6 +7 2
+6 +5 2
+6 +3 2
+6 -1 2
+10 -3 2
+6 -3 2
+6 * 2
+7 * 8
+3 * 8
+3 * 8
+3 * 8
+4 +10 8
+4 -18 8
+3 * 8
+3 * 8
-14 +8 35
+4 +10 35
+4 -18 35
+3 * 35
+3 * 35
-10 +18 2
+4 -18 2
+3 * 2
+3 * 2
+2 +2 45
+4 * 45
+2 +5 10
+3 * 10
+3 * 10
+4 * 10
+2 +2 2
+3 * 2
+2 * 2
+3 * 2
+27 +16 2
+3 * 2
+2 +20 2
+5 * 2
+3 * 2
+2 * 1
+4 +1 1
+5 * 1
+3 * 1
-8 * 1
+5 * 1
+3 * 1
+2 * 2
+4 +1 2
+5 * 2
+3 * 2
+2 * 2
+4 +1 2
+5 * 2
+3 * 2
+2 * 2
+4 +2 2
+5 * 2
+3 * 2
+2 * 2
+4 +5 2
+8 * 2
+3 * 2
+2 * 2
+4 +1 2
+8 * 2
+3 * 2
+2 * 1
+4 +1 1
+8 * 1
+3 * 1
-11 * 1
+8 * 1
+3 * 1
+2 * 2
+4 +6 2
+8 * 2
+3 * 2
+2 +5 2
+5 * 2
+6 +7 2
+6 * 2
+2 +1 2
+8 * 2
+5 * 2
+6 +16 2
+8 * 2
+3 * 2
+2 +5 1
+4 +2 1
+2 -2 1
+8 +2 1
+10 +2 1
+2 * 1
+10 +2 1
+2 * 1
+10 +3 2
+8 * 2
+3 * 2
+6 +10 1
+7 -8 1
+4 * 1
+8 +9 1
+2 * 1
+2 -1 1
+6 +5 1
+3 * 1
+18 +3 2
+9 * 2
fe=(21)
+14 1433 2
+3 * 2
+6 +16 2
+8 * 2
+3 * 2
+6 +19 2
+4 * 2
+8 +2 2
+6 * 2
+2 * 2
+7 * 2
+2 * 2
+6 +55 2
+8 * 2
+3 * 2
+2 +1 1
+4 * 1
+8 +3 1
+6 * 1
cfi=(23)
cfn=(118)
calls=1 0x19630 81 
* * 5
-6 * 1
+6 * 1
cfi=(23)
cfn=(118)
calls=1 0x19630 81 
* * 5
+5 * 2
+2 * 2
+6 +8 2
+9 * 2
+2 * 2
+3 * 2
+3 * 2
+6 +3 2
+4 * 2
+3 * 2
+8 +2 2
+7 -2 2
+8 +2 2
+6 +16 2
+3 * 2
cfi=(6) /build/buildd/eglibc-2.19/elf/dl-lookup.c
cfn=(10) _dl_setup_hash
calls=2 0xb960 859 
* * 50
+5 +4 2
+4 * 2
+2 +1 2
+9 * 2
+6 +17 2
+9 * 2
+2 +1 1
+7 +3 1
+7 +5 1
+8 -5 1
+8 +1 1
+7 * 1
+8 +4 1
-38 -5 1
+7 +5 1
+8 -5 1
+8 +1 1
+7 * 1
+8 +4 1
+6 +10 2
+4 * 2
+3 * 2
cfi=(13)
cfn=(44) _dl_add_to_namespace_list
calls=2 0xba10 32 
* * 84
+5 +4 2
+6 * 2
+2 * 2
+6 * 2
+3 +20 2
+4 * 2
+1 * 2
+2 * 2
+2 * 2
+2 * 2
+2 * 2
+1 * 2
fi=(3)
+96 56 2
+3 * 2
+3 * 2
+4 * 2
+18 +3 2
+3 * 2
+3 * 2
+4 * 2
+6 +1 2
+3 +1 2
+10 * 2
+4 * 2
+4 * 2
fe=(21)
+5 1356 1
+7 * 1
+4 * 1
+4 * 1
+3 * 1
+6 +2 1
+4 -1 1
+3 * 1
+4 * 1
+3 +1 1
+8 * 1
+4 -1 1
+3 +1 1
+3 * 1
+3 -1 1
+3 * 1
+6 +3 1
+3 * 1
+3 * 1
+8 * 1
+5 +43 1
+3 * 1
+3 * 1
+3 * 1
+3 * 1
+6 * 1
+5 * 1
+3 * 1
cfi=(25)
cfn=(68)
calls=1 0x19650 81 
* * 6
+5 +3 1
+4 * 1
+24 1537 2
+4 * 2
0x718c 474 1
+8 * 1

fn=(124) open_path
0x6020 2168 1
+1 * 1
+3 * 1
+2 * 1
+2 * 1
+2 * 1
+2 * 1
+1 * 1
+7 +1 1
+3 -1 1
+7 * 1
+7 * 1
+6 * 1
+7 * 1
+7 +7 1
+3 -7 1
+7 +1 1
+7 +6 1
+6 +5 1
+3 * 1
+7 -7 1
+10 +7 1
+7 -8 1
+11 +8 1
+4 * 1
+4 * 1
+3 +74 1
+7 -74 1
+5 +74 1
+7 -22 1
+3 * 1
+3 -52 1
+4 +52 1
+7 * 1
+7 * 1
+4 -40 1
+7 -9 1
+3 +9 1
-10 * 2
+7 -9 2
+3 +9 2
+6 +7 3
+4 * 3
+4 * 3
+3 * 3
cfi=(24)
cfn=(66)
calls=3 0x1a9c0 61 
* * 72
+5 +1 3
+7 -1 3
+7 +1 3
+3 * 3
+6 * 3
+6 -13 3
+3 * 3
+8 +33 8
+3 * 8
+44 -20 4
+7 * 4
+3 * 4
+4 * 4
+6 * 9
+3 +3 9
+6 * 9
-6 * 3
+6 * 3
+2 +4 12
+7 * 12
+3 * 12
+7 * 12
+4 * 12
+5 * 12
+4 * 12
+3 * 12
cfi=(24)
cfn=(66)
calls=12 0x1a9c0 61 
* * 255
+5 * 12
+7 * 12
+7 * 12
+3 * 12
cfi=(24)
cfn=(66)
calls=12 0x1a9c0 61 
* * 276
+5 * 12
+3 +3 12
+3 +3 12
+7 * 12
+6 +3 12
+3 * 12
+4 * 12
+3 * 12
+4 * 12
+7 * 12
cfn=(126)
calls=12 0x5b20 1871 
* * 468
+5 * 12
+2 +2 12
+5 * 12
+2 * 12
+6 +26 4
+3 * 4
+3 * 4
+3 * 4
+3 +2 4
+3 * 4
+6 * 4
+13 -21 8
+5 * 8
+2 +1 8
+4 * 8
+7 * 8
+4 * 8
+4 * 8
+4 * 8
+4 * 8
+5 * 8
+7 * 8
+2 +6 8
+7 * 8
+5 +2 8
+7 * 8
+3 * 8
+5 -2 8
+5 +2 8
cfi=(34) /build/buildd/eglibc-2.19/io/../sysdeps/unix/sysv/linux/wordsize-64/xstat.c
cfn=(128) _xstat
calls=8 0x19410 34 
* * 98
+5 * 8
+2 * 8
+6 +1 2
+6 +2 2
+2 -2 2
+5 +2 2
+5 * 2
+3 * 2
+3 * 2
+5 * 2
+3 * 2
+3 * 2
+5 * 2
+7 +7 2
+3 * 2
+4 -44 2
+3 * 2
-22 +37 6
+5 * 6
+7 +7 6
+3 * 6
+4 -44 6
+3 * 6
+6 * 2
+4 +85 2
+3 * 2
-3 * 1
+3 * 1
+2 * 3
+6 * 3
+3 * 3
+7 +7 3
+8 -2 3
+7 +2 3
+7 * 3
+4 * 3
+6 +3 1
+6 * 1
+2 * 1
+6 -13 1
+5 +27 1
+4 * 1
+1 * 1
+2 * 1
+2 * 1
+2 * 1
+2 * 1
+1 * 1
+82 * 6
+2 -72 6
+5 * 6

fn=(60) _dl_init_paths
0x8700 714 1
+1 +13 1
+7 * 1
+7 -13 1
+3 * 1
+2 * 1
+2 * 1
+2 * 1
+2 * 1
+3 * 1
+1 * 1
+4 +13 1
+7 * 1
+7 * 1
cfi=(22) /build/buildd/eglibc-2.19/elf/dl-hwcaps.c
cfn=(62) _dl_important_hwcaps
calls=1 0xece0 39 
* * 351
+5 +5 1
+5 -5 1
+7 +5 1
cfi=(15)
cfn=(36)
calls=1 0x17bf0 93 
* * 34
* * 1
+5 +1 1
+3 -1 1
+3 -1 1
+7 +2 1
+6 +8 1
+7 -1 1
+10 +1 1
+8 * 1
+4 * 1
+4 * 1
+4 -1 1
+3 * 1
+3 * 1
+3 * 1
+4 +5 1
+7 * 1
cfi=(15)
cfn=(36)
calls=1 0x17bf0 93 
* * 55
* * 1
+5 +2 1
+3 -3 1
+3 +3 1
+4 * 1
+6 +29 1
+4 -12 1
+7 -10 1
+7 +11 1
+8 +3 1
+8 * 1
+3 +8 1
+8 -12 1
+4 +3 1
+7 * 1
+3 -14 1
+10 +9 1
+4 +5 1
+4 * 1
+4 * 1
+4 +9 1
+4 * 1
+7 -7 1
+7 * 1
+4 * 1
+2 * 4
+4 * 4
+4 * 4
+2 * 4
+4 * 4
+4 * 4
cfi=(26)
cfn=(70)
calls=4 0x1a9b0 30 
* * 88
+5 +7 4
+4 * 4
+4 * 4
+4 * 4
+6 -12 3
+7 +12 3
+3 * 3
+4 -14 3
+3 +3 3
+8 * 3
+4 -1 3
+4 +3 3
+4 -5 3
+4 +6 3
+4 * 3
+3 * 3
+4 * 3
+3 +4 3
+5 -3 3
+5 +3 3
+6 * 3
+3 -3 3
+3 -7 3
+3 * 3
+99 +25 1
+7 -11 1
+7 +6 1
+11 +1 1
+8 +5 1
+3 * 1
+2 +2 1
+7 * 1
+3 * 1
+2 * 1
+6 +2 1
+7 * 1
+3 * 1
+61 +38 1
+3 * 1
+6 * 1
+5 * 1
+6 +8 1
+5 * 1
+3 * 1
cfi=(27) /build/buildd/eglibc-2.19/string/../sysdeps/x86_64/multiarch/../strchr.S
cfn=(72) index
calls=1 0x19a50 24 
* * 47
+5 * 1
+3 * 1
+6 +2 1
+3 * 1
cfi=(9)
cfn=(18)
calls=1 0x19ca0 26 
* * 75
+5 * 1
+4 * 1
+4 * 1
+3 * 1
+4 * 1
+3 * 1
+5 * 1
+4 * 1
cfi=(16)
cfn=(42)
calls=1 0x1abf0 61 
* * 44
+5 * 1
+3 +17 1
+5 * 1
+2 * 1
+6 -1 1
+5 * 1
+10 +3 1
+3 +1 1
+4 * 1
+3 * 1
+4 +1 1
+4 -4 1
+5 * 1
+2 * 1
-25 +2 32
+3 +1 32
+4 * 32
+3 * 32
+4 +1 32
+4 -4 32
+5 * 32
+2 * 32
+2 * 1
+8 +8 1
cfi=(15)
cfn=(36)
calls=1 0x17bf0 93 
* * 34
* * 1
+5 +1 1
+3 -2 1
+7 +2 1
+6 +6 1
+6 * 1
+7 * 1
+7 * 1
+3 * 1
+3 * 1
+4 * 1
+3 * 1
cfn=(74)
calls=1 0x7f40 486 
* * 1778
+5 +4 1
+7 * 1
+4 * 1
+6 +6 1
+10 +4 1
+4 * 1
+1 * 1
+2 * 1
+2 * 1
+2 * 1
+2 * 1
+1 * 1
+41 -75 1
+7 -2 1
+11 +2 1
+3 * 1
+59 +14 1
+11 * 1

fn=(78)
0x7dd0 415 4
+2 * 4
+2 * 4
+2 * 4
+3 * 4
+1 * 4
+3 * 4
+1 * 4
+3 +10 4
+5 * 4
+3 * 4
cfi=(27)
cfn=(72)
calls=4 0x19a50 24 
* * 140
+5 * 4
+3 * 4
+2 161 4
+3 * 4
cfi=(9)
cfn=(18)
calls=4 0x19ca0 26 
* * 228
+5 * 4
+4 +1 4
+3 * 4
cfi=(15)
cfn=(36)
calls=4 0x17bf0 -69 
* * 136
* * 4
+5 +2 4
+3 * 4
+2 +3 4
+3 * 4
+3 * 4
+3 440 4
+1 * 4
+1 * 4
+2 * 4
+2 * 4
+2 167 4
cfi=(16)
cfn=(42)
calls=4 0x1abf0 61 
* * 124

fn=(98) _dl_map_object
0x8c70 2317 3
+2 * 3
+2 * 3
+2 * 3
+2 * 3
+1 * 3
+3 * 3
+1 * 3
+7 +7 3
+3 -7 3
+4 * 3
+4 +7 3
+6 +1 3
+7 * 3
+6 +3 3
+4 * 3
+7 * 3
+3 * 3
+3 * 3
+3 * 3
+4 * 3
+4 * 3
+3 * 3
+7 +12 6
+8 * 6
+6 -12 6
+4 * 6
+3 * 6
+2 +5 7
+8 * 7
+2 * 7
+2 +1 7
+2 * 7
+2 +2 7
+3 * 7
+3 * 7
cfi=(31)
cfn=(100)
calls=7 0x111c0 288 
* * 492
+5 * 7
+2 * 7
+2 * 1
+3 2607 1
+7 * 1
+1 * 1
+1 * 1
+2 * 1
+2 * 1
+2 * 1
+2 * 1
-17 * 2
+7 * 2
+1 * 2
+1 * 2
+2 * 2
+2 * 2
+2 * 2
+2 * 2
+6 2362 2
+7 * 2
+6 +10 2
+7 * 2
+3 * 2
+6 * 2
+3 * 2
+5 * 2
+4 +26 2
+5 * 2
+3 -2 2
+5 +2 2
cfi=(27)
cfn=(72)
calls=2 0x19a50 24 
* * 46
+5 * 2
+3 * 2
+6 2538 1
+3 * 1
+6 * 1
+2 * 1
+3 * 1
+3 * 1
cfn=(78)
calls=1 0x7dd0 415 
* * 239
+5 +1 1
+3 -3 1
+5 +4 1
+6 -1 1
+2 * 1
+3 +4 1
+5 * 1
+5 * 1
+2 * 1
+6 * 1
+3 * 1
cfn=(102)
calls=1 0x55b0 1873 
* * 447
+5 +3 1
+3 -3 1
+3 +3 1
+6 +12 2
+4 * 2
+5 * 2
+2 * 2
+4 +2 2
+4 * 2
+6 +44 2
+7 +1 2
+5 * 2
+5 * 2
+5 * 2
+5 * 2
+3 * 2
+4 * 2
+3 * 2
+3 -1 2
+5 +1 2
+5 * 2
+5 * 2
cfn=(108)
calls=2 0x6600 923 
* * 4859
+5 * 2
0x8e8b 2402 1
+3 * 1
cfi=(9)
cfn=(18)
calls=1 0x19ca0 26 
* * 63
+5 * 1
+4 +2 1
+7 -2 1
+5 +2 1
+6 +7 1
+3 * 1
+6 * 1
+9 * 1
+6 +35 1
+8 * 1
+6 +1 1
+3 * 1
+3 * 1
+8 * 1
+5 * 1
+5 * 1
+3 * 1
+5 * 1
+5 * 1
+6 * 1
+5 * 1
+7 * 1
+8 * 1
+4 * 1
+3 * 1
cfn=(124)
calls=1 0x6020 2168 
* * 1939
+5 * 1
+3 * 1
+3 * 1
+3 +6 1
+3 * 1
+3 * 1
+2 * 1
+4 * 1
+4 * 1
+2 691 1
+8 2454 1
+8 691 1
+4 * 1
+94 2530 1
+7 * 1
0x9029 -95 1
+5 * 1
+5 * 1
+5 * 1
+70 +21 1
+5 * 1
+4 +6 1
+3 * 1
+5 * 1
+4 * 1
+6 +2 1
+6 * 1
+2 * 1
+6 +4 1
+3 * 1
cfi=(35)
cfn=(130)
calls=1 0x16d40 182 
* * 1256
+5 +2 1
+3 -2 1
+5 +2 1
+6 +4 1
+5 * 1
+3 * 1
+6 +8 1
+7 * 1
+6 +22 1
+5 * 1
+3 * 1
+6 * 1
+5 * 1
+5 * 1
+5 * 1
+5 * 1
+3 * 1
cfn=(126)
calls=1 0x5b20 1871 
* * 529
+5 +3 1
+3 * 1
+4 * 1
+2 161 1
+3 * 1
+5 * 1
cfi=(9)
cfn=(18)
calls=1 0x19ca0 26 
* * 85
+5 * 1
+4 +1 1
+3 * 1
cfi=(15)
cfn=(36)
calls=1 0x17bf0 -69 
* * 34
* * 1
+5 +2 1
+3 * 1
+5 * 1
+6 +3 1
+5 * 1
+3 * 1
+3 * 1
cfi=(16)
cfn=(42)
calls=1 0x1abf0 61 
* * 89
+5 2510 1
+3 -1 1
+5 +1 1
+5 * 1
0x91d8 -74 1
+5 * 1
+3 * 1
+6 * 1
+7 * 1
+3 * 1
+2 * 1
+6 691 1
+7 2437 1
+7 691 1
+4 * 1
0x9270 2415 1
+7 +8 1
+5 * 1
+5 * 1
+5 -7 1
+5 * 1
+3 * 1
+3 -1 1
+5 +8 1
+5 * 1
+5 * 1
+5 * 1
+5 * 1
+3 * 1
+5 * 1
+3 * 1
+74 -3 1
+7 * 1
+3 * 1
+6 691 1
+7 2421 1
+7 691 1
+4 * 1
+73 2341 6
+7 * 6
+3 * 6
+6 +3 2
+4 +2 2
+3 -1 2
+4 * 2
+4 +1 2
cfi=(17)
cfn=(50)
calls=2 0x19c70 131 
* * 21
+5 * 2
+2 * 2

fl=(37) /build/buildd/eglibc-2.19/elf/dl-version.c
fn=(142) _dl_check_all_versions
0x11ab0 380 1
+2 * 1
+2 * 1
+1 * 1
+1 * 1
+3 * 1
+4 +4 1
+3 * 1
+2 * 1
+3 * 1
+3 -2 1
+2 * 1
+17 +4 4
+2 * 4
+7 * 4
+2 * 4
+3 * 4
+3 * 4
+3 * 4
cfn=(144) _dl_check_map_versions
calls=4 0x11640 174 
* * 2261
+5 -2 4
+4 +2 4
+2 * 4
+2 * 4
+3 -1 4
+2 -1 4
+3 * 4
+2 +5 1
+4 * 1
+2 * 1
+1 * 1
+1 * 1
+2 * 1
+2 * 1

fn=(144)
0x11640 174 4
+1 * 4
+3 * 4
+2 * 4
+2 * 4
+2 * 4
+2 * 4
+1 * 4
+3 * 4
+4 +15 4
+4 -15 4
+3 * 4
+3 +15 4
+3 * 4
+6 +2 4
+4 +3 4
+7 -3 4
+4 +2 4
+7 +1 4
+7 +2 4
+3 -3 4
+7 +3 4
+6 +3 2
+4 * 2
+4 * 2
+3 * 2
+4 +4 2
+4 * 2
+4 * 2
+6 * 2
+3 * 2
+3 * 2
+9 +17 2
+4 56 2
+7 220 2
+4 56 2
+4 220 2
+4 56 2
+4 * 2
+4 * 2
+4 * 2
+3 * 2
+10 +1 5
+4 -1 5
+3 * 5
+6 +2 7
+3 * 7
+3 * 7
cfi=(31)
cfn=(100)
calls=7 0x111c0 288 
* * 510
+5 * 7
+2 * 7
+2 * 2
+3 228 2
+3 * 2
+2 * 2
+6 +5 2
+4 * 2
+4 * 2
+3 * 2
+3 * 2
+3 * 2
+3 * 2
+2 +19 1
+3 -15 1
+5 * 1
+4 * 1
+4 * 1
+4 * 1
+4 * 1
+3 * 1
+4 * 1
+3 * 1
+3 * 1
+3 * 1
-37 * 2
+5 * 2
+4 * 2
+4 * 2
+4 * 2
+4 * 2
+3 * 2
+4 * 2
+3 * 2
+3 * 2
+3 * 2
+2 * 1
+7 * 1
+7 * 1
+3 * 1
+3 * 1
+4 * 1
+4 * 1
+3 * 1
cfn=(146) match_symbol
calls=1 0x112a0 76 
* * 137
-7 * 2
+4 * 2
+3 * 2
cfn=(146)
calls=2 0x112a0 76 
* * 306
+5 * 3
+3 +7 3
+5 * 3
+5 * 3
+3 * 3
+4 +3 3
+4 * 3
+2 * 3
+2 * 2
+3 +9 2
+4 * 2
+3 * 2
+2 * 2
0x1183f -73 2
+3 -8 2
+3 +95 2
+7 * 2
+3 * 2
-10 * 2
+7 * 2
+3 * 2
+2 +3 2
+4 * 2
+3 * 2
+8 +10 26
+3 -7 26
+4 * 26
+6 * 26
+3 * 26
+4 +3 26
+3 * 26
+2 * 26
-22 -3 2
+4 * 2
+6 * 2
+3 * 2
+4 +3 2
+3 * 2
+2 * 2
+2 +8 4
+3 +86 4
+3 -86 4
+2 +87 1
+4 * 1
+1 * 1
+2 * 1
+2 * 1
+2 * 1
+2 * 1
+1 * 1
+1 -81 3
+4 * 3
+5 * 3
+3 * 3
cfi=(15)
cfn=(32) calloc
calls=3 0x17c00 102 
* * 129
* * 3
+5 +1 3
+3 -2 3
+7 +2 3
+6 +11 3
+7 -3 3
+7 +3 3
+4 * 3
+7 +2 3
+7 * 3
+3 * 3
+2 +3 2
+4 * 2
+3 * 2
+4 * 2
+5 +4 2
+3 * 2
+3 * 2
+2 +18 1
+3 -15 1
+4 * 1
+2 * 1
+5 +2 1
+4 * 1
+3 * 1
-18 -2 2
+4 * 2
+2 * 2
+5 +2 2
+4 * 2
+3 * 2
+2 +2 3
+3 +1 3
+5 -1 3
+3 * 3
+4 +1 3
+3 -1 3
+4 +1 3
+3 +1 3
+3 -2 3
+4 +2 3
+3 * 3
+3 +1 3
+3 * 3
+3 * 3
+4 +3 3
+3 * 3
+2 * 3
+2 +8 2
+3 * 2
+2 * 2
+7 +10 3
+7 * 3
+3 * 3
+2 +3 2
+4 * 2
+4 * 2
+3 * 2
+7 +20 26
+3 -14 26
+4 -2 26
+3 +2 26
-7 * 2
+4 -2 2
+3 +2 2
+2 +4 26
+4 +2 26
+3 -1 26
+3 * 26
+6 +1 26
+3 -1 26
+4 * 26
+4 * 26
+3 +1 26
+3 +1 26
+8 +3 26
+3 * 26
+2 * 26
-5 * 2
+3 * 2
+2 * 2
+2 +10 3
+4 -1 3
+3 +1 3
+1 * 3
+2 * 3
+2 * 3
+2 * 3
+2 * 3
+1 * 3

fn=(146)
0x112a0 76 3
+1 * 3
+3 * 3
+2 * 3
+3 * 3
+2 * 3
+3 * 3
+2 * 3
+2 * 3
+3 * 3
+1 * 3
+4 +9 3
+7 -8 3
+4 -1 3
+4 * 3
+4 +1 3
+4 +8 3
+6 +6 3
+7 * 3
+3 * 3
+6 +15 3
+4 +1 3
+3 * 3
+6 +2 3
+3 +5 3
+4 * 3
+2 +14 10
+4 * 10
+6 +12 7
+3 * 7
+2 * 7
+6 +4 7
+3 -30 7
+4 * 7
0x113c0 +16 3
+3 +3 3
+3 * 3
+3 * 3
+3 * 3
cfi=(17)
cfn=(50)
calls=3 0x19c70 -2 
* * 258
+5 * 3
+2 * 3
+6 +35 3
+4 * 3
+1 * 3
+2 * 3
+2 * 3
+2 * 3
+2 * 3
+1 * 3

fl=(22)
fn=(62)
0xece0 39 1
+1 * 1
+3 * 1
+2 * 1
+2 * 1
+2 * 1
+2 * 1
+1 * 1
+4 +3 1
+3 -1 1
+7 +1 1
+3 +9 1
+7 -12 1
+4 * 1
+4 * 1
+4 +3 1
+4 -3 1
+4 +3 1
+3 +9 1
+3 * 1
+62 +10 1
+7 * 1
+3 * 1
+4 * 1
0xee47 +31 1
+2 * 1
+3 +23 1
+7 * 1
+2 * 1
cfi=(23)
cfn=(64)
calls=1 0x19530 -34 
* * 9
+5 * 1
+2 * 1
+58 -2 1
+4 +17 1
+3 * 1
+4 * 1
+4 * 1
+3 * 1
+5 * 1
+4 +3 1
+3 * 1
0xef50 +29 1
+3 * 1
+80 +8 1
+4 * 1
+6 +2 1
+4 * 1
+3 * 1
+4 * 1
+3 +1 1
+4 * 1
+4 * 1
+3 * 1
+4 +4 1
+7 * 1
+3 +4 1
+3 -3 1
+8 -1 1
+3 +4 1
+6 +3 1
+4 * 1
+6 +4 1
+4 * 1
+3 * 1
+4 * 1
+3 * 1
+4 +1 1
+4 -1 1
+5 * 1
+4 * 1
+4 * 1
+3 * 1
+4 * 1
+3 * 1
+5 +1 1
0xf090 +18 1
+6 * 1
+3 * 1
+4 * 1
+3 * 1
+4 * 1
+7 * 1
+2 * 1
+4 * 1
+6 * 1
+2 * 1
+7 * 1
+3 +1 1
+4 * 1
+4 * 1
+3 * 1
cfi=(15)
cfn=(36)
calls=1 0x17bf0 93 
* * 34
* * 1
+5 +1 1
+3 -1 1
+3 +1 1
+4 * 1
+4 * 1
+6 +29 1
+5 +3 1
+4 -3 1
+4 * 1
+4 +3 1
0xf1d2 +28 1
+7 * 1
+5 * 1
+2 * 1
+3 * 1
+3 * 1
+4 * 1
+3 * 1
+2 * 1
+1 +1 1
+9 * 1
+4 -1 1
+3 * 1
-16 +1 3
+9 * 3
+4 -1 3
+3 * 3
+2 * 1
+4 * 1
+7 +5 1
+6 * 1
+3 * 1
+4 * 1
+6 * 1
+4 * 1
+3 +3 1
+3 -3 1
+2 +3 1
+3 * 1
+3 -3 1
+3 +3 1
-21 -3 1
+4 * 1
+3 +3 1
+3 -3 1
+2 +3 1
+3 * 1
+3 -3 1
+3 +3 1
+2 * 2
+9 +1 2
+4 * 2
+3 * 2
-7 * 2
+4 * 2
+3 * 2
+2 +1 4
+3 -1 4
+4 +1 4
+4 * 4
+4 -2 4
+4 +1 4
+3 * 4
+2 -1 4
+4 * 4
+3 * 4
+2 * 2
+4 +4 2
+3 * 2
+2 +3 1
+7 +2 1
+4 * 1
+5 -1 1
+4 -1 1
+4 * 1
+3 +2 1
+3 * 1
+3 * 1
+84 * 1
+3 * 1
+4 * 1
+2 * 1
+4 * 1
+3 * 1
+4 * 1
+4 +13 1
+3 * 1
+4 +1 1
+4 -1 1
+4 +3 1
+4 * 1
-19 -3 1
+3 * 1
+4 +1 1
+4 -1 1
+4 +3 1
+4 * 1
+2 +3 1
+4 * 1
+4 * 1
+3 +3 1
+4 -1 1
+3 +1 1
+1 * 1
+2 * 1
+2 * 1
+2 * 1
+2 * 1
+1 * 1
+1 145 1
+5 * 1
+2 -14 1
+2 * 1
0xf3e8 243 1
+4 * 1
+4 * 1
cfi=(24)
cfn=(66)
calls=1 0x1a9c0 61 
* * 22
+5 +1 1
+4 * 1
+3 -1 1
+4 * 1
+3 +1 1
cfi=(24)
cfn=(66)
calls=1 0x1a9c0 61 
* * 22
+5 * 1
+7 * 1
+3 * 1
+7 * 1

fl=(7) /build/buildd/eglibc-2.19/elf/../elf/dl-sysdep.c
fn=(194) _dl_sysdep_start_cleanup
0x17680 256 1

fn=(12) _dl_sysdep_start
0x173c0 86 1
+2 * 1
+2 * 1
+2 * 1
+2 * 1
+1 * 1
+1 * 1
+4 +25 1
+3 -1 1
+7 +1 1
+4 -25 1
+5 +25 1
+7 * 1
+6 * 1
+2 * 1
+5 * 1
+7 * 1
+4 * 1
+2 * 1
+6 * 1
+4 * 1
+4 * 1
-8 * 87
+4 * 87
+4 * 87
+2 * 1
+4 +6 1
+4 -3 1
+7 +1 1
+11 -4 1
+7 +3 1
+5 +3 1
+3 * 1
+6 * 1
+8 * 1
+7 +1 1
+7 * 1
+7 * 1
+7 * 1
+3 * 1
+7 * 1
+7 -1 1
+3 * 1
+7 * 1
+7 -29 1
+2 -1 1
+2 * 1
+5 +31 1
+4 * 1
+4 * 1
-8 * 17
+4 * 17
+4 * 17
+2 * 17
+4 * 17
+3 * 17
+15 -1 18
+4 * 18
+3 * 18
+3 * 18
+2 * 1
+7 * 1
+5 * 1
+7 * 1
+7 * 1
+7 * 1
+7 * 1
+7 * 1
+8 * 1
+7 * 1
fi=(19) /build/buildd/eglibc-2.19/elf/../sysdeps/unix/sysv/linux/dl-sysdep.c
+7 -82 1
+2 * 1
cfi=(8) /build/buildd/eglibc-2.19/elf/../sysdeps/unix/sysv/linux/x86_64/brk.c
cfn=(14) brk
calls=1 0x18180 -4 
* * 12
fi=(5) /build/buildd/eglibc-2.19/elf/../sysdeps/x86_64/dl-machine.h
+5 200 1
+7 * 1
+3 * 1
+2 * 1
+3 * 1
fe=(7)
+17 +34 1
+2 * 1
cfi=(10) /build/buildd/eglibc-2.19/elf/../misc/sbrk.c
cfn=(20) sbrk
calls=1 0x181e0 34 
* * 17
+5 * 1
+7 * 1
+3 * 1
+6 +12 1
+6 * 1
+2 * 1
+6 +3 1
+5 * 1
+5 * 1
+2 * 1
+3 * 1
+7 * 1
cfi=(2) /build/buildd/eglibc-2.19/elf/rtld.c
cfn=(22) dl_main
calls=1 0x1910 891 
* * 96932
+2 +1 1
+5 +1 1
+4 * 1
+1 * 1
+1 * 1
+2 * 1
+2 * 1
+2 * 1
+2 * 1
+24 151 1
+4 +1 1
+28 +27 1
+4 +1 1
+12 -17 1
+4 +1 1
+12 -7 1
+4 +1 1
+12 -4 1
+4 +1 1
+12 -25 1
+4 +1 1
+12 -4 1
+4 +1 1
+12 -7 1
+4 +1 1
+12 +2 1
+3 +1 1
+13 232 1
cfi=(9)
cfn=(18)
calls=1 0x19ca0 26 
* * 39
+5 * 1
+7 * 1

fl=(24)
fn=(66)
0x1a9c0 61 35
+4 +4 35
+2 +3 34
+3 +1 34
+2 +2 9
+3 +1 9
+2 +2 9
+3 +1 9
+3 +5 9
+3 +1 9
-3 -1 25
+3 +1 25
+2 +2 24
+3 +1 24
+3 +2 24
+4 +1 24
+4 +5 24
+3 +1 24
-3 -1 10
+3 +1 10
+2 +2 9
+2 +1 9
+2 +2 9
+4 +1 9
+4 +5 9
+3 +1 9
-3 -1 25
+3 +1 25
+2 +2 17
+3 +1 17
+3 +2 17
+4 +1 17
+4 * 17
+3 +5 17
+6 +1 17
-6 -1 17
+6 +1 17
+2 * 4
+8 +5 4
+3 +1 4
+4 +1 4
+3 +1 4
+4 +2 4
+3 +2 4
+4 +1 4
+4 +2 4
+2 +6 34
+3 +4 34
+2 +12 2
+2 +2 2
+3 +1 2
+43 +26 2
+7 +1 2
+2 +3 2
+2 +1 2
+3 +1 2
+2 +5 2
+2 +2 2
+3 +1 2
+4 +1 2
+4 +1 2
+4 +2 2
+3 +1 2
+4 +1 2
+4 +1 2
+4 +2 2
+4 +1 2
+4 +2 2
+56 +22 2
+3 +2 2
+6 +2 1
+3 +7 1

fl=(69) /build/buildd/eglibc-2.19/elf/dl-open.c
fn=(294) _dl_find_dso_for_object
0x14220 182 1
+7 * 1
+3 * 1
+6 * 1
+7 * 1
+3 +1 1
+3 * 1
+3 * 1
+6 * 1
+10 +1 1
+7 * 1
-7 * 2
+7 * 2
+2 * 3
+7 * 3
+2 +1 1
+7 * 1
+77 +3 1
+4 * 1
+2 +4 1
+4 -9 2
+4 * 2
+3 * 2

fl=(30) /build/buildd/eglibc-2.19/setjmp/../sysdeps/x86_64/setjmp.S
fn=(94) __sigsetjmp
0x19770 26 3
+3 +9 3
+3 +1 3
+7 * 3
+4 +1 3
+4 +4 3
+4 +1 3
+4 +1 3
+4 +1 3
+4 +1 3
+5 +2 3
+7 * 3
+4 +2 3
+4 +1 3
+4 +3 3
+7 * 3
+4 +2 3
+4 +4 3
+2 +1 3

fl=(2)
fn=(92) _dl_initial_error_catch_tsd
0x1320 798 4
+7 * 4

fn=(154) security_init
0x1014 851 1
+1 * 1
+4 +2 1
fi=(38) /build/buildd/eglibc-2.19/elf/../sysdeps/unix/sysv/linux/dl-osinfo.h
+7 61 1
+3 * 1
+79 +23 1
+3 * 1
+5 +2 1
+9 +7 1
fe=(2)
+5 855 1
+9 +6 1
+7 * 1
+2 +2 1
fi=(38)
+7 101 1
+3 * 1
+18 +11 1
fe=(2)
+4 866 1
+9 +2 1
+7 +6 1
+11 +1 1
+4 * 1
+1 * 1

fn=(48) rtld_lock_default_unlock_recursive
0x1340 844 4
+4 * 4

fn=(96) map_doit
0x14a0 625 1
+1 * 1
+3 +2 1
+4 * 1
+4 * 1
+3 * 1
+3 * 1
+2 * 1
+5 * 1
cfi=(21)
cfn=(98)
calls=1 0x8c70 2317 
* * 2446
+5 * 1
+4 +2 1
+1 * 1

fn=(88) do_preload
0xae0 804 1
+2 +12 1
+7 -12 1
+3 * 1
+1 * 1
+1 * 1
+3 * 1
+4 +10 1
+6 -4 1
+5 +1 1
+5 +5 1
+5 * 1
+5 * 1
+5 * 1
+5 -10 1
+9 +6 1
+8 +4 1
cfi=(29) /build/buildd/eglibc-2.19/elf/dl-error.c
cfn=(90) _dl_catch_error
calls=1 0xff80 163 
* * 2519
+5 +1 1
+5 * 1
+3 * 1
+31 +8 1
+2 * 1
+6 * 1
+3 +6 1
+4 * 1
+1 * 1
+1 * 1
+2 * 1

fn=(140) version_check_doit
0x18d0 657 1
+1 * 1
+3 +2 1
+3 * 1
+7 * 1
+5 * 1
cfi=(37)
cfn=(142)
calls=1 0x11ab0 380 
* * 2336
+5 * 1
+2 * 1
+8 +4 1
+1 * 1

fn=(2) _dl_start
0x4a70 362 1
+1 * 1
+3 * 1
+2 * 1
+2 * 1
+2 * 1
+2 * 1
+1 * 1
+3 * 1
+4 +18 1
+2 * 1
+4 * 1
+2 * 1
fi=(3)
+3 44 1
fe=(2)
+7 380 1
fi=(5)
+7 58 1
+7 * 1
+3 * 1
fi=(3)
+7 -14 1
fe=(2)
+3 409 1
+7 -3 1
fi=(3)
+7 44 1
+6 +17 1
+7 * 1
+10 -3 1
+10 -7 1
+5 +5 1
+6 +3 1
+6 +2 1
+3 -3 1
+3 -3 1
+6 -3 1
+5 * 1
+6 -5 13
+7 * 13
+4 +15 13
+4 -18 13
+3 * 13
+3 * 13
-10 +18 1
+4 -18 1
+3 * 1
+3 * 1
+2 +2 18
+4 * 18
+2 +5 5
+3 * 5
+3 * 5
+4 * 5
+6 +1 4
+3 * 4
+3 * 4
+7 * 4
+4 +10 4
+4 -18 4
+3 * 4
+3 * 4
+2 +25 1
+3 * 1
+6 +20 1
+7 * 1
+3 * 1
+2 * 1
+4 +1 1
+7 * 1
+3 * 1
+2 * 1
+4 +1 1
+7 * 1
+3 * 1
+2 * 1
+4 +1 1
+7 * 1
+3 * 1
+2 * 1
+4 +2 1
+7 * 1
+3 * 1
+2 * 1
+4 +5 1
+7 * 1
+3 * 1
+2 * 1
+4 +1 1
+7 * 1
+3 * 1
+2 * 1
+4 +1 1
+7 * 1
+3 * 1
+2 * 1
+4 +6 1
+7 * 1
+3 * 1
+2 +5 1
+5 * 1
+6 +7 1
+7 * 1
+3 * 1
+2 +1 1
+7 * 1
+5 * 1
+6 +8 1
+7 * 1
+3 * 1
+16 +2 1
+7 * 1
+3 * 1
+16 +3 1
+8 * 1
+6 +1 1
+8 * 1
fe=(2)
+6 537 1
+3 * 1
+20 +7 1
+7 285 1
+8 * 1
+6 +12 1
+7 * 1
cfi=(6)
cfn=(10)
calls=1 0xb960 859 
* * 25
+5 +1 1
+7 * 1
+7 +1 1
+7 * 1
+7 +1 1
+7 * 1
+7 +1 1
+7 * 1
+7 +21 1
+2 +10 1
+7 -10 1
+4 * 1
+2 * 1
+3 +10 1
+3 -6 1
+7 -4 1
+7 +10 1
cfi=(7)
cfn=(12)
calls=1 0x173c0 86 
* * 97543
+5 * 1
+3 +9 1
+2 * 1
+4 * 1
+2 * 1
+3 +3 1
+7 +4 1
+7 -4 1
+4 +4 1
+6 569 1
+4 * 1
+3 * 1
+1 * 1
+2 * 1
+2 * 1
+2 * 1
+2 * 1
+1 * 1
fi=(3)
+1 53 1
+3 * 1
+2 * 1
+3 * 1
+32 +3 1
+3 * 1
+3 * 1
+4 * 1
fe=(2)
+22 542 1
+3 * 1
+6 * 1
+4 * 1
+7 * 1
+7 * 1
+4 * 1
+3 * 1
+3 * 1
+3 * 1
+4 * 1
+2 * 1
+3 * 1
+10 * 1
+3 * 1
+4 * 1
+4 * 1
+3 * 1
+4 * 1
+4 * 1
+3 * 1
+4 * 1
+3 * 1
+2 * 1
+7 * 1
+7 * 1
+4 * 1
+3 * 1
+4 * 1
+3 * 1
+3 * 1
+3 * 1
+4 * 1
+3 * 1
fi=(4) /build/buildd/eglibc-2.19/elf/do-rel.h
+4 84 1
+7 +27 1
+3 -28 1
+4 +28 1
+2 * 1
+6 +1 1
+3 * 1
fi=(5)
+3 492 1
+4 * 1
fi=(4)
-10 112 9
+3 * 9
fi=(5)
+3 492 9
+4 * 9
+6 +1 10
+3 * 10
fi=(4)
+4 111 10
+4 * 10
fi=(5)
+3 493 10
fi=(4)
+3 111 10
+2 +5 1
+8 * 1
+6 +8 1
fi=(5)
+3 287 1
fi=(4)
+7 124 1
+6 * 1
+7 +13 1
+5 +2 1
+3 * 1
+4 -2 1
fi=(5)
+3 241 1
fi=(4)
+3 137 1
fi=(5)
+4 269 1
fi=(4)
+3 137 1
+4 * 1
fi=(5)
+4 269 1
fi=(4)
-33 137 8
+5 +2 8
+3 * 8
+4 -2 8
fi=(5)
+3 241 8
fi=(4)
+3 137 8
fi=(5)
+4 269 8
fi=(4)
+3 137 8
+4 * 8
fi=(5)
+4 269 8
+6 +9 9
+3 * 9
+6 +3 9
+5 -3 9
+4 * 9
+7 +3 9
+3 * 9
+3 * 9
+6 +6 9
+4 * 9
+4 * 9
+6 * 9
+4 * 9
+3 * 9
fi=(3)
+7 59 1
+3 * 1
+3 * 1
+4 * 1
+6 +1 1
+3 +1 1
+4 * 1
fe=(2)
+9 285 1
+2 * 1
+2 * 1
+2 * 1
+2 * 1
+3 * 1
+3 * 1
+2 * 1
+3 * 1
+3 * 1
+2 * 1
+2 * 1
+3 * 1
+2 * 1
+3 * 1
+3 * 1
+2 * 1
+6 * 1
+3 * 1
+2 * 1
+3 * 1
+3 * 1
+2 * 1
+3 * 1
+3 * 1
+2 * 1
+3 * 1
+3 * 1
+2 * 1
+4 * 1
+4 * 1
+4 * 1
+3 * 1
+2 * 1
+3 * 1
+3 * 1
+3 * 1
+3 * 1
+4 * 1
+3 * 1
+4 * 1
+4 * 1
+4 * 1
+4 * 1
+3 * 1
+3 * 1
+3 * 1
+4 * 1
+3 * 1
+3 * 1
+3 * 1
+3 * 1
+3 * 1
+3 * 1
+7 * 1
+3 * 1
+3 * 1
+4 * 1
+4 * 1
+3 * 1
+3 * 1
+3 * 1
+4 * 1
+4 * 1
+3 * 1
+3 * 1
+3 * 1
+4 * 1
+3 * 1
+4 * 1
+3 * 1
+4 * 1
+7 * 1
fi=(5)
+22 391 9
+5 +9 9
fi=(4)
+3 124 9
+4 * 9
+3 * 9
+6 * 1
fe=(2)

fn=(22)
0x1910 891 1
+1 +19 1
+7 -19 1
+3 * 1
+2 * 1
+2 * 1
+2 * 1
+3 * 1
+2 * 1
+3 * 1
+1 * 1
+7 +19 1
+7 +3 1
+7 2492 1
+7 891 1
+7 2492 1
+7 913 1
+7 +4 1
+7 -26 1
+6 +26 1
+7 +1 1
+7 * 1
+7 +5 1
+7 * 1
+7 2485 1
+7 * 1
+4 +7 1
+2 -4 1
+3 +4 1
+2 -5 1
+2 +5 1
+3 * 1
+3 * 1
+7 * 1
+4 * 1
+7 * 1
+4 * 1
+7 * 1
+4 * 1
+7 +2 1
+7 * 1
cfi=(11)
cfn=(24)
calls=1 0x17a20 30 
* * 210
-7 * 2
+7 * 2
cfi=(11)
cfn=(24)
calls=2 0x17a20 30 
* * 390
+5 * 3
+3 * 3
+3 * 3
+6 +4 2
+3 * 2
+2 * 2
+2 * 2
+2 * 2
+2 * 2
+2 * 2
+6 * 17
+2 * 17
+2 +1 19
+4 -1 19
+5 * 19
+3 * 19
+2 +3 2
+3 * 2
+2 +6 2
+4 * 2
+4 * 2
+2 * 2
+7 * 2
+7 * 2
+4 * 2
+3 * 2
0x1b98 +76 1
+7 * 1
+5 * 1
+3 * 1
cfi=(12)
cfn=(26)
calls=1 0x1a300 315 
* * 120
+5 * 1
+2 * 1
+6 +2 1
+4 * 1
+7 * 1
+73 -55 1
+7 * 1
+5 * 1
+3 * 1
cfi=(12)
cfn=(26)
calls=1 0x1a300 315 
* * 26
+5 * 1
+2 * 1
0x1dd0 2660 1
+6 * 1
+2 * 1
+6 +33 1
+6 * 1
+2 * 1
0x1ead 933 1
+7 * 1
+7 * 1
+3 * 1
0x214b 1132 1
+7 * 1
+3 * 1
+2 * 1
+2 * 1
+6 * 1
+3 * 1
cfi=(13)
cfn=(28)
calls=1 0xbaa0 61 
* * 248
+5 +2 1
+3 -2 1
+3 +2 1
+6 +1 1
+7 +1 1
+7 +5 1
+2 * 1
+3 -5 1
+8 +1 1
+7 * 1
+3 * 1
+7 +4 1
cfi=(13)
cfn=(44)
calls=1 0xba10 32 
* * 34
+5 +1 1
+7 * 1
+6 900 1
+3 1171 1
+6 -3 1
+8 -5 1
+11 +1 1
+11 +2 1
+11 +5 1
+8 * 1
+4 * 1
+3 * 1
+4 * 1
+3 * 1
+6 +56 1
+7 * 1
+3 897 1
+3 1227 1
+3 * 1
+2 -55 5
+3 * 5
+6 * 4
+3 * 4
+6 * 3
+3 * 3
+6 -1 9
+4 * 9
+3 * 9
+6 +1 9
+2 * 9
+3 * 9
+6 * 8
+2 * 3
+6 * 3
+6 * 2
+6 * 2
+6 * 1
+3 * 1
0x22c7 -1 1
+7 * 1
+7 1274 1
+7 * 1
+3 * 1
+12 +3 1
+3 * 1
+13 +2 1
+3 * 1
+13 +2 1
+8 * 1
+6 +13 1
+7 * 1
+3 * 1
+2 +1 1
+7 * 1
+4 * 1
+7 * 1
+4 * 1
+3 * 1
+7 * 1
+3 * 1
cfi=(17)
cfn=(50)
calls=1 0x19c70 131 
* * 7
+5 * 1
+2 * 1
+7 * 1
+2 +7 1
+11 +3 1
+5 -5 1
+7 +3 1
+10 +2 1
+6 +1 1
+7 * 1
+4 +4 1
+7 * 1
+6 +2 1
+3 * 1
fi=(3)
+6 29 1
+4 +9 1
+3 * 1
+6 +6 1
+3 -2 1
+4 +2 1
+3 * 1
+6 +7 1
+6 +5 1
+6 +3 1
+6 +2 1
+10 -3 1
+10 -3 1
+6 -3 1
+5 * 1
+2 * 3
+3 * 3
+3 * 3
+3 * 3
+4 +10 3
+4 -18 3
+3 * 3
+3 * 3
-14 +8 16
+4 +10 16
+4 -18 16
+3 * 16
+3 * 16
-10 +18 1
+4 -18 1
+3 * 1
+3 * 1
+2 +2 20
+4 * 20
+2 +5 4
+3 * 4
+3 * 4
+4 * 4
+2 +2 1
+3 * 1
+2 * 1
+3 * 1
+27 +16 1
+3 * 1
+3 * 1
0x24b7 +38 1
+7 * 1
+3 * 1
+2 +5 1
+5 * 1
+6 +7 1
+5 * 1
+20 +17 1
+7 * 1
+3 * 1
+49 +14 1
+7 * 1
+3 * 1
+47 +18 1
+8 * 1
fe=(2)
+13 1317 1
+3 * 1
cfi=(6)
cfn=(10)
calls=1 0xb960 859 
* * 25
+5 +3 1
+2 * 1
+4 * 1
+7 * 1
fi=(18) /build/buildd/eglibc-2.19/elf/setup-vdso.h
+6 24 1
+8 * 1
fe=(2)
0x2a85 1342 1
cfi=(19)
cfn=(56) _dl_discover_osversion
calls=1 0x17840 45 
* * 93
+5 * 1
+2 * 1
+6 * 1
+6 * 1
+2 * 1
+6 * 1
+6 * 1
+5 * 1
+44 1176 1
+3 * 1
+4 * 1
+3 +1 1
+5 +90 1
+4 * 1
+7 +1 1
+4 * 1
+7 +1 1
+5 -6 1
+3 * 1
+6 +1 1
+79 -37 2
+4 -1 2
+3 +1 2
+3 * 2
+3 -1 2
+3 +2 2
+7 * 2
+2 +1 1
+7 +3 1
+4 * 1
+3 +1 1
+7 * 1
-14 -1 1
+4 * 1
+3 +1 1
+7 * 1
+2 +1 2
+7 +1 2
+4 * 2
+6 * 1
+7 * 1
+6 +1 1
+7 * 1
+5 -43 1
+7 -2 1
+4 * 1
+3 +27 1
+6 -25 1
+7 +7 1
+2 * 1
+8 -10 1
+7 +10 1
+81 -19 1
+4 * 1
+3 * 1
+4 +1 1
fi=(3)
0x2cd0 56 1
+3 * 1
+3 * 1
+4 * 1
+18 +3 1
+3 * 1
+3 * 1
+4 * 1
+6 +1 1
+3 +1 1
+4 * 1
+4 * 1
fe=(2)
0x2d9d 2537 1
+7 * 1
+5 * 1
+3 * 1
cfi=(12)
cfn=(26)
calls=1 0x1a300 315 
* * 80
+5 * 1
+2 * 1
+2 +2 1
+4 * 1
+7 * 1
0x2f67 1347 1
+7 * 1
cfi=(21)
cfn=(60)
calls=1 0x8700 714 
* * 2999
+5 +3 1
+7 * 1
+2 * 1
cfi=(28)
cfn=(84)
calls=1 0x10980 50 
* * 17
+5 +7 1
+8 -7 1
+7 +2 1
+7 +5 1
+2 +3 1
+7 * 1
+3 * 1
+7 +1 1
+7 +3 1
+7 -3 1
+3 * 1
+3 * 1
+6 +1 1
+7 * 1
+4 +3 1
+8 +5 1
+8 -7 1
+7 +7 1
+2 +1 1
+2 * 1
+4 * 1
+3 * 1
+3 * 1
+7 +4 1
+7 +4 1
+4 -2 1
+3 * 1
+4 * 1
+8 * 1
+3 +1 1
+7 * 1
+4 +1 1
+7 * 1
+3 * 1
+5 +5 1
+3 * 1
+2 +1 1
+2 * 1
+3 * 1
+4 * 1
+4 * 1
+6 * 1
+2 +2 1
+4 * 1
+7 +1 1
+4 * 1
+7 +5 1
+8 * 1
+14 +5 1
+7 * 1
+3 * 1
+6 906 1
+11 1579 1
+7 * 1
+3 * 1
+2 +3 1
+7 * 1
+4 +4 1
+7 * 1
+3 * 1
+13 +5 1
+7 * 1
+7 +1 1
cfi=(28)
cfn=(86) _dl_debug_state
calls=1 0x10970 74 
* * 1
+5 +5 1
+6 * 1
+2 * 1
+6 +15 1
+7 * 1
+4 * 1
+6 +4 1
+7 * 1
+3 * 1
+9 +31 1
+7 * 1
+5 * 1
cfi=(23)
cfn=(64)
calls=1 0x19530 81 
* * 9
+5 * 1
+2 * 1
+6 +77 1
+7 * 1
+3 * 1
+3 * 1
+8 +17 1
+2 * 1
+3 * 1
+2 +1 1
+3 -1 1
+4 +1 1
+3 * 1
+3 -1 1
+3 +1 1
+3 * 1
+4 * 1
+3 * 1
+3 * 1
cfi=(33) /build/buildd/eglibc-2.19/elf/dl-deps.c
cfn=(120) _dl_map_object_deps
calls=1 0xdac0 147 
* * 9618
+5 +1 1
+2 +5 1
+7 -5 1
+4 * 1
+2 * 1
+3 +2 1
+3 * 1
+7 +3 1
+2 * 1
+2 * 1
+7 * 1
+2 +1 1
+3 * 1
+2 * 1
+4 * 1
+7 -1 1
+2 * 1
-18 +1 3
+3 * 3
+2 * 3
+4 * 3
+7 -1 3
+2 * 3
+2 +4 1
+7 * 1
+7 * 1
+4 +1 1
+7 * 1
+3 * 1
+2 +1 1
+4 +2 1
+3 * 1
+2 +1 1
+7 * 1
+7 * 1
+4 * 1
+6 * 1
+4 -1 1
+5 * 1
+6 * 2
+4 +1 2
+4 * 2
+6 -1 2
+3 * 2
+2 * 2
0x34ae -28 1
+3 +1 1
+2 -1 1
+8 * 1
+4 * 1
+4 * 1
+3 * 1
+5 * 1
+4 * 1
+3 +4 1
+4 +1 1
+4 -1 1
+3 +2 1
+3 * 1
+6 +1 1
+3 * 1
0x35f1 +35 1
+8 -1 1
+4 * 1
+7 +1 1
+6 +2 1
+3 +2 1
+2 * 1
+2 * 1
+6 +2 1
+7 -4 1
+7 * 1
+3 +5 1
+4 -1 1
+3 * 1
+11 +14 1
+3 * 1
+6 +1 1
+7 * 1
+4 +1 1
+7 * 1
+3 * 1
+34 +12 1
+4 +1 1
+4 -2 1
+2 +2 1
+7 -2 1
+2 +2 1
+7 -2 1
+3 +2 1
+3 -2 1
+3 +2 1
cfi=(29)
cfn=(138) _dl_receive_error
calls=1 0x10040 205 
* * 2376
+5 +10 1
+7 +1 1
+8 -1 1
+6 +1 1
+2 +1 1
cfn=(148) init_tls
calls=1 0xec8 724 
* * 615
+5 * 1
+7 +2 1
+8 * 1
+2 +3 1
cfn=(154)
calls=1 0x1014 851 
* * 22
+5 +2 1
+8 * 1
+6 2054 1
+7 * 1
+3 * 1
0x37e9 +56 1
+7 +4 1
+7 +7 1
+3 -11 1
+7 +4 1
+7 * 1
+7 * 1
+7 +4 1
+7 * 1
+7 +3 1
+6 +8 1
+2 * 1
0x38dc +95 1
+7 * 1
+2 * 1
+8 * 1
+2 +1 1
+8 +5 1
+7 * 1
cfi=(36)
cfn=(192) _dl_allocate_tls_init
calls=1 0x12c00 376 
* * 275
+5 +4 1
+7 * 1
+32 +14 1
+7 * 1
+7 * 1
+6 +2 1
+2 * 1
+6 +29 1
cfi=(7)
cfn=(194)
calls=1 0x17680 256 
* * 1
+5 +4 1
+6 * 1
+2 * 1
+2 +20 1
+2 * 1
+2 * 1
cfi=(28)
cfn=(84)
calls=1 0x10980 50 
* * 8
+5 +1 1
+7 +1 1
cfi=(28)
cfn=(86)
calls=1 0x10970 74 
* * 1
+5 +5 1
cfi=(35)
cfn=(196)
calls=1 0x17380 309 
* * 15
+5 +5 1
+4 * 1
+1 * 1
+2 * 1
+2 * 1
+2 * 1
+2 * 1
+1 * 1
0x39f3 -65 1
+7 * 1
+6 +15 1
+2 +3 1
+7 -3 1
+3 +3 1
+7 -3 1
+2 * 1
+4 +3 1
+2 * 1
+2 -3 1
+3 +2 1
+7 +1 1
cfi=(39) /build/buildd/eglibc-2.19/elf/dl-reloc.c
cfn=(158) _dl_relocate_object
calls=1 0xc0d0 154 
* * 6295
+5 +1 1
+2 * 1
+4 * 1
+2 * 1
+3 +2 1
+3 * 1
+7 * 1
+36 -96 1
+3 * 1
+8 * 1
+4 +7 1
+7 +2 1
+2 * 1
+3 * 1
+2 * 1
+6 * 1
+4 * 1
+3 * 1
+7 * 1
+4 * 1
+3 * 1
+3 * 1
+3 +2 1
+5 +2 4
+8 * 4
+3 * 4
+4 +5 4
+4 * 4
+4 +2 4
+3 * 4
+6 +8 4
+7 -2 4
+7 +2 4
+3 * 4
+2 +1 3
+6 * 3
+7 * 3
+2 * 3
+3 * 3
+3 * 3
+2 * 3
+3 * 3
cfi=(39)
cfn=(158)
calls=3 0xc0d0 154 
* * 68784
+5 +4 4
+8 * 4
+2 * 1
+7 * 1
+6 * 4
+4 -22 4
+4 * 4
-4 * 1
+4 * 1
+2 * 1
+7 * 1
+3 +25 1
+2 * 1
+4 * 1
+2 * 1
+3 +2 1
+3 +6 1
+8 -6 1
+7 +6 1
+58 -22 1
+7 +1 1
+4 -3 1
+3 * 1
+8 +14 1
+3 * 1
cfi=(36)
cfn=(190) _dl_add_to_slotinfo
calls=1 0x133f0 831 
* * 20
+5 * 1
0x3c17 -69 1
+6 899 1
+2 * 1
0x3d3c 1767 1
+7 * 1
0x4302 +21 1
+3 * 1
+4 * 1
0x43ee 1623 1
+3 * 1
cfi=(9)
cfn=(18)
calls=1 0x19ca0 26 
* * 93
+5 * 1
+4 * 1
+4 * 1
+3 * 1
+4 * 1
+3 * 1
+5 * 1
+4 * 1
cfi=(16)
cfn=(42)
calls=1 0x1abf0 61 
* * 67
+5 * 1
+4 +3 1
+2 * 1
+3 * 1
+2 * 1
+4 * 1
+4 -12 1
+3 +12 1
+3 +3 1
+7 * 1
+3 * 1
cfi=(15)
cfn=(76)
calls=1 0x180f0 338 
* * 765
-10 * 1
+7 * 1
+3 * 1
cfi=(15)
cfn=(76)
calls=1 0x180f0 338 
* * 6
+5 * 2
+3 * 2
+3 * 2
+6 +1 1
+3 * 1
+2 +1 1
+7 * 1
+3 * 1
+2 +2 1
+7 * 1
+3 * 1
+3 * 1
cfn=(88)
calls=1 0xae0 804 
* * 2547
+5 * 1
+3 * 1
0x4532 1336 1
+7 * 1
+7 * 1
+16 1635 1
+2 +1 1
+7 -1 1
+4 * 1
+2 * 1
+3 +1 1
+3 +1 1
+3 * 1
+7 * 1

fn=(46) rtld_lock_default_lock_recursive
0x1330 838 4
+4 * 4

fn=(148)
0xec8 724 1
+2 -1 1
+8 -6 1
+1 +2 1
+7 * 1
+7 +4 1
+6 +10 1
+4 * 1
+5 * 1
+4 * 1
cfi=(15)
cfn=(32)
calls=1 0x17c00 102 
* * 43
* * 1
+5 +11 1
+8 -15 1
+4 +3 1
+7 +6 1
+4 +2 1
+8 -11 1
+3 +15 1
+33 +2 1
+7 -1 1
+2 +1 1
+3 * 1
-3 * 4
+3 * 4
+2 +2 4
+8 * 4
+2 +4 1
+3 +2 1
+2 -2 1
+4 * 1
+5 -5 1
+4 * 1
-4 * 3
+4 * 3
+2 +9 1
+3 * 1
+3 * 1
+33 +3 1
cfi=(36)
cfn=(150) _dl_determine_tlsoffset
calls=1 0x12830 112 
* * 73
+5 +7 1
cfi=(36)
cfn=(152) _dl_allocate_tls_storage
calls=1 0x12ac0 328 
* * 428
+5 +1 1
+3 -1 1
+3 +1 1
+33 +6 1
+4 +8 1
+5 -8 1
+7 +8 1
+3 * 1
+5 * 1
+4 * 1
+2 * 1
+2 * 1
+40 +4 1
+7 +2 1
+3 +1 1
+1 * 1

fl=(15)
fn=(32)
0x17c00 102 8
+3 +7 8
+5 * 8
+3 * 8
+3 -3 8
+4 +3 8
+3 * 8
+2 +4 8
cfn=(36)
calls=8 -39 -20 
* * 277
* * 8

fn=(36)
0x17bf0 93 25
+3 +1 25
+5 * 25
cfn=(40) __libc_memalign
calls=25 0x17ae0 -43 
* * 797
* * 25

fn=(76)
0x180f0 338 6
+3 * 6
+2 +2 6
+3 +1 6
+3 * 6
+2 +4 4
+3 * 4
+2 * 4
+2 * 4
+3 * 4
+9 * 4
+3 * 4
-3 * 76
+3 * 76
+5 +7 156
+4 * 156
+3 * 156
+2 -2 158
+2 * 158
+2 +4 2
+2 * 2
+2 +6 78
+4 -15 78
+4 * 78
+2 * 78
+2 * 2
+2 +18 2
+3 +4 2
-3 -4 2
+3 +4 2
* * 2
+2 -11 2
+4 * 2
+4 +1 2

fn=(40)
0x17ae0 51 26
+1 * 26
+1 * 26
+3 * 26
+4 +1 26
+7 * 26
+3 * 26
+6 * 25
+7 * 25
+3 +11 25
+5 +1 25
+3 -1 25
+3 +3 25
+4 -3 25
+7 +3 25
+3 * 25
-25 -3 1
+5 +1 1
+3 -1 1
+3 +3 1
+4 -3 1
+7 +3 1
+3 * 1
+2 * 23
+3 * 23
+3 * 23
+3 * 23
+2 +4 3
+7 * 3
+5 * 3
+3 * 3
+3 +1 3
+3 * 3
+3 * 3
+6 +6 3
+3 * 3
+2 * 3
+6 * 3
+5 * 3
+5 * 3
+3 * 3
cfi=(25)
cfn=(68)
calls=3 0x19650 +4 
* * 18
+5 +2 3
+4 * 3
+2 * 3
+7 * 3
+3 * 3
+8 +4 3
+3 * 3
+7 * 3
+3 +3 3
+7 +1 3
+7 +2 3
+4 * 3
+3 * 3
+1 * 3
+1 * 3
-23 -3 23
+7 +1 23
+7 +2 23
+4 * 23
+3 * 23
+1 * 23
+1 * 23
+8 * 23
+3 * 23
+3 * 23
+2 -31 1
+7 * 1
+7 * 1
+5 +1 1
+3 -2 1
+3 * 1
+7 * 1

fn=(82)
0x17c40 121 3
+7 -2 3
+1 * 3
+3 +2 3
+2 +7 3
+1 * 3

fl=(6)
fn=(10)
0xb960 859 4
+7 * 4
+3 * 4
+2 +4 4
+4 +4 4
+2 * 4
+6 +2 4
+3 -1 4
+4 +3 4
+3 * 4
+2 * 4
+2 +1 4
+6 +1 4
+4 * 4
+3 +3 4
+2 -1 4
+7 -2 4
+6 +3 4
+4 +4 4
+3 * 4
+4 -2 4
+7 +1 4
+4 +1 4
+3 * 4
+7 +1 4

fn=(168) check_match.9458
0x9d70 131 86
+2 * 86
+2 * 86
+1 * 86
+3 * 86
+1 * 86
+3 * 86
+4 +1 86
+4 * 86
+3 +2 86
+5 * 86
+6 +2 86
+2 * 86
+5 * 86
+3 -2 86
+3 * 86
+6 +12 86
+5 * 86
+3 * 86
+6 +3 86
+4 * 86
+2 * 16
+3 * 16
+4 * 16
+4 * 16
cfi=(17)
cfn=(50)
calls=16 0x19c70 -18 
* * 1411
+5 * 16
+2 * 16
+6 +5 86
+4 -1 86
+4 +1 86
+3 -1 86
+7 +1 86
+2 +2 85
+3 * 85
+6 +19 85
+3 * 85
+5 +1 85
+3 * 85
+5 * 85
+4 * 85
+7 * 85
+4 * 85
+3 * 85
+5 * 85
+21 +46 86
+4 * 86
+3 * 86
+1 * 86
+1 * 86
+2 * 86
+2 * 86
+9 -18 1
+3 * 1
+2 +2 1
+3 * 1
+4 +1 1
+3 * 1
+3 * 1
+3 -1 1
+2 * 1
+6 +1 1
+3 -1 1
+2 * 1
+46 -29 85
+4 * 85
+3 * 85
cfi=(17)
cfn=(50)
calls=85 0x19c70 -46 
* * 7394
+5 * 85
+2 * 85

fn=(164) _dl_lookup_symbol_x
0xa860 714 91
+1 * 91
+3 * 91
+2 * 91
+3 * 91
+2 * 91
+2 * 91
+3 * 91
+2 * 91
+3 * 91
+1 * 91
+3 * 91
+7 476 91
+3 714 91
+7 * 91
+7 476 91
+2 * 91
+6 * 91
+3 -1 91
+6 * 91
+6 +2 91
+3 -1 91
+4 +1 91
+4 * 91
+3 * 91
+3 -1 91
+3 * 91
+2 * 91
-22 +1 1140
+3 -1 1140
+4 +1 1140
+4 * 1140
+3 * 1140
+3 -1 1140
+3 * 1140
+2 * 1140
+2 * 91
+3 * 91
+7 716 91
+5 +4 91
+8 +4 91
+3 -8 91
+7 +1 91
+11 * 91
+11 +7 91
+2 * 85
+7 * 85
+6 +5 91
+5 +2 91
+7 * 91
+3 -2 91
+6 +6 91
+3 * 91
+6 * 91
+3 * 91
+7 * 91
+3 * 91
+7 * 91
+7 * 91
+7 +2 91
+3 * 91
+7 * 91
+3 * 91
+7 * 91
+7 * 91
+7 * 91
+5 * 91
+5 * 91
+9 * 91
+4 * 91
+5 * 91
+8 * 91
cfn=(166) do_lookup_x
calls=91 0x9ef0 82 
* * 36190
+5 +3 91
+3 * 91
+2 +3 5
+6 -8 5
+4 * 5
+3 * 5
+3 * 5
+2 -7 91
+11 * 91
+5 +38 91
+8 * 91
+6 +22 86
+3 +1 86
+3 * 86
+2 * 86
+4 * 86
+3 * 86
+2 * 86
+2 * 86
+7 +26 86
+3 +9 86
+8 * 86
+3 * 86
+2 * 86
+3 * 86
+6 +14 86
+6 * 86
+2 * 86
+6 +3 86
+6 * 86
+6 * 86
+6 * 86
+7 +5 86
+3 +2 86
+4 * 86
+1 * 86
+2 * 86
+2 * 86
+2 * 86
+2 * 86
+1 * 86
-14 * 5
+4 * 5
+1 * 5
+2 * 5
+2 * 5
+2 * 5
+2 * 5
+1 * 5
0xaf8b -9 1
+10 * 1
0xb159 -71 5
+3 * 5
+3 * 5
+2 * 5
+4 * 5
+3 * 5
+2 * 5
+9 +16 5
+7 +1 5
+2 * 5

fn=(166)
0x9ef0 82 91
+2 * 91
+3 * 91
+2 * 91
+2 * 91
+2 * 91
+1 * 91
+1 * 91
+3 * 91
+7 +1 91
+4 -6 91
+8 +5 91
+5 * 91
+8 * 91
+8 -5 91
+5 * 91
+5 * 91
+5 * 91
+7 * 91
+4 * 91
+7 * 91
+4 +12 91
+3 229 91
+3 +3 91
+3 * 91
+5 -3 91
+4 +3 91
+4 * 91
+5 98 91
+5 -3 91
+8 +1 91
+9 +2 91
+4 +3 91
+3 -3 91
+5 +3 91
-34 -3 195
+5 -3 195
+8 +1 195
+9 +2 195
+4 +3 195
+3 -3 195
+5 +3 195
+6 +4 286
+5 * 286
+15 +4 286
+7 * 286
+6 +4 286
+7 * 286
+6 +6 286
+6 * 286
+2 * 286
+6 +4 286
+4 * 286
+4 +1 286
+4 * 286
+4 * 286
+5 225 286
+7 +1 286
+3 * 286
+6 +4 286
+3 * 286
+6 -2 286
+4 +5 286
+6 * 286
+3 * 286
+3 * 286
+3 +4 286
+3 * 286
+3 -1 286
+3 * 286
+3 +1 286
+3 -1 286
+2 * 286
+6 +21 200
+8 +24 200
+5 * 200
+2 461 200
+5 * 200
+3 * 200
+2 * 178
+4 * 178
+3 * 178
+2 +1 23
+5 * 23
+5 * 23
+5 * 23
+5 * 23
cfi=(31)
cfn=(100)
calls=23 0x111c0 288 
* * 978
+5 * 23
+2 * 23
+5 * 23
+5 * 23
+5 * 23
+6 * 23
+10 +3 23
+4 * 23
+3 * 23
-7 * 177
+4 * 177
+3 * 177
+6 +3 5
+2 * 5
+19 286 86
+4 * 86
+3 * 86
+3 * 86
+2 * 74
+3 * 74
+2 * 74
+3 * 74
+34 +4 12
+6 * 12
+2 * 12
+6 * 86
+5 * 86
+3 +13 86
+5 +1 86
+5 -1 86
+3 +1 86
+4 +1 86
+5 469 86
+7 * 86
+1 * 86
+1 * 86
+2 * 86
+2 * 86
+2 * 86
+2 * 86
-17 * 5
+7 * 5
+1 * 5
+1 * 5
+2 * 5
+2 * 5
+2 * 5
+2 * 5
0xa78a 240 91
+2 * 91
+3 * 91
+2 * 91
+3 -1 91
+7 * 91
+3 +2 91
+2 * 91
+6 +2 91
+7 * 91
+4 * 91
+7 +10 95
+4 * 95
+3 * 95
+6 -7 181
+2 * 181
+2 * 181
+3 * 181
+3 * 181
+2 +2 86
+5 * 86
+3 +1 86
+3 * 86
+5 * 86
+5 * 86
+5 -1 86
+5 * 86
+7 +1 86
+5 -1 86
+3 * 86
+4 * 86
+4 * 86
+2 +1 86
+4 * 86
+4 * 86
cfn=(168)
calls=86 0x9d70 131 
* * 13196
+5 +1 86
+3 * 86
+5 * 86
+5 * 86
+5 * 86

fl=(27)
fn=(72)
0x19a50 24 9
+4 +1 9
+2 +1 9
+5 +1 9
+4 +1 9
+5 +1 9
+4 +1 9
+5 +1 9
+6 +1 9
+4 +1 9
+4 +1 9
+4 +1 9
+4 +1 9
+4 +1 9
+4 +1 9
+4 +1 9
+2 +1 9
+2 +1 5
+3 +4 5
+5 +1 5
+4 +1 5
+3 +1 5
+4 +2 5
+2 +4 4
+5 +1 4
+4 +1 4
+4 +1 4
+4 +1 4
+4 +1 4
+4 +1 4
+5 +1 4
+4 +1 4
+4 +1 4
+4 +1 4
+4 +1 4
+4 +1 4
+4 +1 4
+5 +1 4
+4 +1 4
+4 +1 4
+4 +1 4
+3 +1 4
+4 +1 4
+4 +1 4
+4 +1 4
+3 +1 4
+3 +1 4
0x19bb0 +52 4
+4 +4 4
+5 +1 4
+4 +1 4
+3 +1 4
+4 +2 4

fl=(17)
fn=(50)
0x19c70 131 185
+2 +1 185
+2 +1 185
+2 +1 117
+3 +1 117
+3 +1 117
+2 +1 117
cfn=(51) strcmp'2
calls=117 -14 -6 
* * 8754
+5 +5 68
+5 +1 68
+5 +1 68
+3 +1 68

fn=(51)
0x19c70 131 1220
+2 +1 1220
+2 +1 1220
+2 +1 1210
+3 +1 1210
+3 +1 1210
+2 +1 1210
cfn=(51)
calls=1103 -14 -6 
* * 48308
+2 +2 107
+2 +1 107
+1 +2 10
+5 +1 10
+5 +1 10
+3 +1 10

fl=(39)
fn=(158)
0xc0d0 154 4
+1 * 4
+3 * 4
+2 * 4
+3 * 4
+2 * 4
+2 * 4
+2 * 4
+1 * 4
+2 * 4
+7 +15 4
+6 -15 4
+7 * 4
+6 +15 4
+2 +1 4
+2 * 4
+8 * 4
+3 * 4
+6 +6 4
+8 * 4
+6 +6 4
+7 * 4
+3 * 4
+6 -18 4
+3 * 4
+4 +22 4
+7 * 4
+6 +7 4
+8 * 4
+6 -32 4
+11 +77 4
fi=(5)
+4 71 4
fe=(39)
+8 238 4
+4 * 4
fi=(5)
+7 71 4
+6 * 4
+3 * 4
fe=(39)
+6 264 4
+4 * 4
+2 * 4
+5 * 4
+3 * 4
* * 32
+3 * 4
+4 * 4
+3 * 4
+6 * 3
+4 * 3
+7 * 3
+7 * 3
+4 * 3
+4 * 3
+3 * 3
+4 * 3
+2 * 3
+3 * 3
+10 * 3
+3 * 3
+4 * 3
+4 * 3
+3 * 3
+4 * 3
+4 * 3
+3 * 3
+8 * 3
-8 * 1
+8 * 1
+2 * 4
+7 * 4
+4 * 4
+4 * 4
+4 * 4
+4 * 4
+3 * 4
+6 * 4
+3 * 4
+6 * 3
+4 * 3
+4 * 3
+4 * 3
+4 -99 3
+6 * 3
+6 * 3
+7 * 3
+4 * 3
fi=(5)
+7 276 3
+4 * 3
+7 * 3
+4 * 3
+7 * 3
+7 * 3
+7 * 3
+7 * 3
fe=(39)
+7 -12 3
fi=(4)
+7 48 3
fe=(39)
+3 264 3
fi=(4)
+4 58 3
fe=(39)
+3 264 3
fi=(4)
+4 47 3
+3 * 3
+4 +11 3
+3 * 3
fe=(39)
0xc228 264 1
+4 -99 1
+6 * 1
+6 * 1
+7 * 1
+4 * 1
fi=(5)
+7 276 1
+4 * 1
+7 * 1
+4 * 1
+7 * 1
+7 * 1
+7 * 1
+7 * 1
fe=(39)
+7 -12 1
fi=(4)
+7 48 1
fe=(39)
+3 264 1
fi=(4)
+4 58 1
fe=(39)
+3 264 1
fi=(4)
+4 47 1
+3 * 1
+4 +11 1
+3 * 1
fe=(39)
-31 264 4
fi=(4)
+7 48 4
fe=(39)
+3 264 4
fi=(4)
+4 58 4
fe=(39)
+3 264 4
fi=(4)
+4 47 4
+3 * 4
+4 +11 4
+3 * 4
+6 +3 3
+3 * 3
+3 * 3
+3 * 3
fi=(5)
+14 503 17
+3 * 17
+3 +4 17
+4 * 17
+6 +2 17
+7 * 17
+3 * 17
+6 +1 17
fi=(4)
+3 61 17
+4 * 17
+3 * 17
-7 * 4
+4 * 4
+3 * 4
+2 +2 22
+3 * 22
+4 * 22
+2 +2 5
+3 * 5
+3 * 5
+2 * 1
+3 * 1
+3 -4 1
+4 * 1
+3 * 1
+6 +13 3
+3 * 3
+2 +1 1
+3 * 1
+2 * 1
+7 * 1
+3 * 1
+21 +1 5
+6 * 5
fi=(5)
+2 503 5
+4 +24 5
fi=(4)
+5 75 5
fi=(5)
+4 527 5
+3 +2 5
cob=(3)
cfi=(46) /build/buildd/eglibc-2.19/string/../sysdeps/x86_64/multiarch/memmove.c
cfn=(186) memcpy@GLIBC_2.2.5
calls=1 0x8c530 49 
* * 13
cob=(3)
cfi=(45) /build/buildd/eglibc-2.19/time/../sysdeps/unix/sysv/linux/x86_64/gettimeofday.c
cfn=(182) gettimeofday
calls=1 0xb1470 31 
* * 68
cob=(3)
cfi=(40) /build/buildd/eglibc-2.19/string/../sysdeps/x86_64/multiarch/strcmp.S
cfn=(180) strncasecmp
calls=1 0x8f050 140 
* * 11
cob=(3)
cfi=(42) /build/buildd/eglibc-2.19/time/../sysdeps/unix/sysv/linux/x86_64/time.c
cfn=(174) time
calls=1 0xb13c0 37 
* * 68
cob=(3)
cfi=(40)
cfn=(170) strcasecmp
calls=1 0x8cd60 114 
* * 86
fi=(4)
+2 75 5
fi=(5)
+3 530 5
fi=(4)
+4 75 5
+2 * 1
+4 * 1
fe=(39)
+8 264 1
+7 * 1
+7 * 1
fi=(4)
-22 75 7
fe=(39)
+8 264 7
+7 * 7
+7 * 7
+6 +3 4
+6 * 4
+2 * 4
+6 +28 4
+8 +3 4
+8 * 4
+6 +17 4
+7 * 4
+3 * 4
+6 +2 4
+4 * 4
+1 * 4
+2 * 4
+2 * 4
+2 * 4
+2 * 4
+1 * 4
fi=(4)
+58 84 5
+4 +2 5
+4 * 5
+4 +12 5
+7 -15 5
+4 +15 5
+3 -15 5
+7 +15 5
+2 +10 3
+3 * 3
+6 +3 3
+3 * 3
+2 * 2
fi=(5)
+7 487 2
fi=(4)
+3 112 2
+3 * 2
fi=(5)
+3 487 2
+4 * 2
-13 * 1192
fi=(4)
+3 112 1192
+3 * 1192
fi=(5)
+3 487 1192
+4 * 1192
+2 +5 1194
+4 * 1194
+6 +1 1194
+3 * 1194
fi=(4)
+4 111 1194
+4 * 1194
fi=(5)
+3 493 1194
fi=(4)
+3 111 1194
+2 +7 5
+7 * 5
+3 * 5
+6 +3 4
+4 +3 4
+3 -3 4
+7 +3 4
fi=(5)
+6 422 2
fi=(4)
+3 50 2
fi=(5)
+3 422 2
fi=(4)
+3 51 2
fi=(5)
+11 422 2
+7 * 2
+3 * 2
+7 * 2
fi=(4)
+3 127 2
+5 * 2
+3 * 2
+4 * 2
-12 * 92
+5 * 92
+3 * 92
+4 * 92
+6 +9 94
+7 * 94
+4 +3 94
+3 * 94
fi=(5)
+4 244 94
fi=(4)
+4 138 94
+7 -2 94
+4 +1 94
+7 * 94
+4 * 94
+4 * 94
fi=(5)
+4 244 94
+6 +21 94
+4 * 94
+6 +4 94
+3 * 94
+6 +7 94
+5 * 94
+3 * 94
+2 * 94
+6 * 83
+7 * 83
+4 * 83
+6 * 80
+4 * 80
+3 * 80
+4 * 80
+4 * 80
+2 * 80
+2 * 80
+5 * 80
+2 * 74
+2 * 74
+4 * 74
+4 * 74
+3 * 74
+4 * 74
+7 * 74
fi=(4)
+4 137 74
+6 +1 74
fi=(5)
+4 276 74
+3 * 74
fi=(4)
+3 137 74
fi=(5)
+4 276 74
+7 * 74
+3 * 74
-48 * 6
+3 * 6
+4 * 6
+7 * 6
fi=(4)
+4 137 6
+6 +1 6
fi=(5)
+4 276 6
+3 * 6
fi=(4)
+3 137 6
fi=(5)
+4 276 6
+7 * 6
+3 * 6
+2 * 80
+4 * 80
+5 * 80
+3 * 80
+4 * 80
+3 * 80
+7 * 80
+3 * 80
+7 * 80
+7 * 80
+9 * 80
+7 * 80
+7 * 80
cfi=(6)
cfn=(164)
calls=80 0xa860 714 
* * 47291
+5 * 80
+4 * 80
+7 * 80
+3 * 80
+7 * 80
+7 +2 80
+2 * 80
+3 * 80
-5 * 3
+2 * 3
+3 * 3
+2 +3 93
+4 -3 93
+4 * 93
+3 +3 93
+3 * 93
+3 * 93
+6 +6 94
+4 * 94
+6 * 94
+7 * 94
+7 * 94
+4 * 94
+3 * 94
fe=(39)
+10 183 4
+8 * 4
+40 +81 1
+3 * 1
+6 * 1
+3 * 1
+4 * 1
fi=(5)
+8 77 3
+4 * 3
+4 +4 3
+4 * 3
+3 * 3
+6 +14 3
+7 -8 3
+4 +8 3
+3 * 3
+6 +13 3
+7 * 3
+4 +3 3
+7 * 3
+3 * 3
+6 * 3
+20 410 83
+5 * 83
+3 * 83
fi=(4)
+8 124 83
+4 * 83
+7 * 83
-11 * 11
+4 * 11
+7 * 11
+6 * 2
+7 * 2
+3 * 2
+3 * 2
+3 +19 2
+3 * 2
fi=(5)
0xc850 276 11
+3 * 11
+3 * 11
0xc8d0 382 10
+4 * 10
+3 * 10
+6 +4 10
+7 * 10
+4 * 10
+4 * 10
+6 * 10
+3 +5 10
+5 * 10
+4 * 10
+3 * 10
+3 * 10
+44 -71 1
+3 * 1
+6 +1 1
+7 * 1
+3 * 1
fi=(4)
0xca18 108 1
+8 * 1
+6 * 1
fe=(39)
+34 323 4
+7 * 4
+3 +1 4
+7 +1 4
+4 -1 4
+3 -1 4
+3 * 4
+3 +2 4
+3 +3 4
+3 * 4
+6 +1 4
+3 * 4
+5 * 4
cfi=(25)
cfn=(114)
calls=4 0x196a0 81 
* * 20
+5 * 4
+2 * 4
fi=(4)
0xcaf8 129 1
+2 * 1
+2 * 1
+5 +31 1
+3 * 1
+11 * 1
+11 * 1
+6 * 1
+7 * 1
+7 * 1
+3 * 1
+7 +2 1
+5 * 1
+3 * 1
+4 * 1
-12 * 4
+5 * 4
+3 * 4
+4 * 4
+6 +8 5
+4 * 5
+7 +1 5
+7 -1 5
+4 +1 5
fi=(5)
+4 +73 5
fi=(4)
+4 -74 5
+4 * 5
fi=(5)
+7 +74 5
+6 +21 5
+4 * 5
+6 +4 5
+3 * 5
+6 +7 5
+5 * 5
+3 * 5
+2 * 5
+6 * 5
+7 * 5
+6 * 5
+4 * 5
+2 * 5
+4 * 5
+4 * 5
+11 * 5
+3 * 5
+3 * 5
+4 * 5
+4 * 5
+7 * 5
+7 * 5
+3 * 5
+7 * 5
+7 * 5
+3 * 5
+3 * 5
+3 * 5
+7 * 5
+9 * 5
+7 * 5
cfi=(6)
cfn=(164)
calls=5 0xa860 714 
* * 2504
+5 * 5
+7 * 5
+3 * 5
+7 * 5
+7 +2 5
+2 * 5
+3 * 5
+2 +3 1
+4 -3 1
+4 * 1
+3 +3 1
+3 * 1
+3 * 1
+6 +6 5
+4 * 5
+6 * 5
+7 * 5
+7 * 5
+4 * 5
+3 * 5
+13 410 5
+5 * 5
+3 * 5
fi=(4)
+2 160 5
+4 * 5
+7 * 5
+6 +14 1
+7 * 1
+3 * 1
+7 * 1
+3 * 1
fi=(5)
0xcda3 276 5
+2 * 5
+4 * 5
+3 * 5
0xd088 * 3
+4 * 3
+5 * 3
+4 * 3
+4 * 3
+3 * 3
+3 * 3
+2 * 3
+2 * 3
+4 * 3
+4 * 3
+2 * 3
+4 * 3
+4 * 3
+2 * 3
+2 * 3
+6 * 3
+6 * 3
+7 * 3
+8 * 3
+7 * 3
+4 * 3
fe=(39)

fl=(61)
fn=(252)
0xf460 66 6
+2 * 6
+3 +6 6
+2 * 6
+4 -6 6
+1 * 6
+1 * 6
+4 +3 6
+4 -1 6
+4 +1 6
+4 +3 6
+7 +1 6
+4 -1 6
+4 * 6
+4 +1 6
+4 * 6
+3 * 6
+4 * 6
+4 * 6
+4 +1 6
+3 -1 6
+5 +1 6
+3 * 6
+3 +5 6
+3 * 6
+6 +4 6
+4 * 6
+6 +4 6
+7 * 6
+3 * 6
+6 +4 6
+4 * 6
+4 +1 6
+6 * 6
+4 * 6
+7 * 6
+4 +2 6
+5 * 6
+4 * 6
+2 * 6
+4 +7 6
+8 * 6
+2 * 6
+6 -1 6
+6 +8 6
+9 * 6
+12 +3 6
+2 * 6
+7 * 6
+5 * 6
+4 * 6
+9 * 6
+6 * 6
+3 * 6
+3 * 6
cfi=(6)
cfn=(164)
calls=6 0xa860 714 
* * 4570
+5 * 6
+3 +4 6
+8 * 6
+2 * 6
+6 +4 6
+8 * 6
+2 * 6
+2 * 6
+9 +6 6
+5 * 6
+3 * 6
+2 * 6
+3 * 6
+2 * 6
+4 +16 6
+4 -8 6
+4 +8 6
+3 * 6
+3 * 6
+6 +4 6
+6 * 6
+2 * 6
fi=(5)
+2 +65 6
fe=(61)
+3 -61 6
+4 * 6
+1 * 6
+1 * 6
+2 * 6

fl=(34)
fn=(128)
0x19410 34 8
+3 -1 8
+3 +1 8
+2 +1 8
+3 * 8
+3 * 8
+5 * 8
+2 * 8
+6 * 8
+2 +4 2
+19 -4 6
+2 * 6
+6 * 6
+4 * 6

fl=(23)
fn=(104)
0x194d0 81 15
+5 * 15
+2 * 15
+6 * 15
+2 +1 3
+1 +1 12
+7 * 12
+2 * 12
+2 * 12
+4 * 12

fn=(118)
0x19630 81 3
+5 * 3
+2 * 3
+6 * 3
+2 +1 3

fn=(64)
0x19530 81 3
+5 * 3
+2 * 3
+6 * 3
+3 +2 3
+7 * 3
+2 * 3
+2 * 3
+4 * 3

fn=(106)
0x194f0 81 2
+5 * 2
+2 * 2
+6 * 2
+2 +1 2

fl=(36)
fn=(136)
0x12750 50 1
+4 +3 1
+7 * 1
+2 * 1
+7 +48 1
+4 * 1
+7 +4 1
+4 * 1

fn=(150)
0x12830 112 1
+2 * 1
+2 * 1
+2 * 1
+2 * 1
+1 * 1
+1 * 1
+4 +6 1
+7 * 1
+3 * 1
+6 +3 1
+5 * 1
+6 +36 1
+4 -34 1
+4 +34 1
+3 * 1
+6 +2 1
+3 * 1
+3 * 1
+6 -2 1
+3 -2 1
+2 -40 1
+3 -1 1
+2 -1 1
+6 * 1
+42 +44 1
+4 * 1
+3 * 1
+4 * 1
+5 * 1
+3 * 1
+11 +5 1
+7 -1 1
+7 +5 1
+3 * 1
+7 -4 1
+4 -1 1
+3 +7 1
+5 -7 1
+3 +3 1
+3 * 1
+4 +2 1
+3 +2 1
+3 -2 1
+3 * 1
+2 +16 1
+4 * 1
+2 * 1
+3 * 1
+4 * 1
+3 +2 1
+4 +1 1
+3 -1 1
+3 * 1
+11 +10 1
+7 -12 1
+3 * 1
+10 * 1
+8 * 1
+2 +15 1
+7 * 1
+3 * 1
+4 * 1
+6 +1 1
+7 +51 1
+7 +1 1
+4 * 1
+1 * 1
+1 * 1
+2 * 1
+2 * 1
+2 * 1
+2 * 1

fn=(192)
0x12c00 376 1
+2 * 1
+2 * 1
+2 * 1
+2 * 1
+1 * 1
+1 * 1
+4 +1 1
+3 -1 1
+5 +1 1
+6 +4 1
+4 * 1
+7 +3 1
+3 -1 1
+2 -2 1
+5 +8 1
+7 * 1
+5 * 1
+3 +5 1
+5 * 1
+2 * 1
+3 * 1
+3 * 1
+3 * 1
+3 * 1
+6 +6 1
+4 * 1
+3 * 1
+6 * 1
+4 * 1
+4 * 1
+5 * 1
+13 +22 1
+7 * 1
+6 +1 1
+7 * 1
+7 * 1
+3 * 1
+6 +2 1
+3 * 1
+6 +9 1
+3 -8 1
+5 +8 1
+4 * 1
+5 -8 1
+3 +8 1
+3 +1 1
+4 +1 1
+3 * 1
+7 * 1
cfi=(24)
cfn=(66)
calls=1 0x1a9c0 61 
* * 23
+5 * 1
+3 * 1
+2 * 1
+3 * 1
+3 * 1
cfi=(26)
cfn=(70)
calls=1 0x1a9b0 30 
* * 166
+5 * 1
+5 * 1
+7 * 1
+3 -42 1
+4 * 1
+3 * 1
+2 * 1
+4 * 1
+4 +6 1
+3 * 1
+6 +3 1
+3 +1 1
+3 * 1
+2 +6 1
+4 +3 1
+7 -3 1
+3 * 1
+4 +3 1
+4 -1 1
+4 * 1
0x12db0 +38 1
+5 * 1
+3 +2 1
+5 +1 1
+4 * 1
+1 * 1
+1 * 1
+2 * 1
+2 * 1
+2 * 1
+2 * 1

fn=(152)
0x12ac0 328 1
+2 +13 1
+7 -13 1
+1 * 1
+1 +2 1
+7 +11 1
+3 * 1
cfi=(15)
cfn=(40)
calls=1 0x17ae0 51 
* * 51
* * 1
+5 +1 1
+3 -1 1
+3 +1 1
+6 +7 1
+8 +4 1
+5 * 1
+3 * 1
+3 * 1
+6 * 1
+4 * 1
+6 * 1
+4 * 1
+6 * 1
+2 * 1
+2 * 1
+3 * 1
+3 * 1
* * 288
+3 * 1
+2 * 1
+3 * 1
+2 * 1
+3 * 1
+2 -58 1
+7 +1 1
+5 -1 1
+4 +1 1
+4 * 1
cfi=(15)
cfn=(32)
calls=1 0x17c00 102 
* * 43
* * 1
+5 +1 1
+3 * 1
+6 +9 1
+4 -6 1
+3 +6 1
+4 +64 1
+3 * 1
+1 * 1
+1 * 1
+2 * 1

fn=(190)
0x133f0 831 1
+2 * 1
+3 * 1
+1 +9 1
+7 -9 1
+1 +6 1
+7 * 1
+26 +8 1
+4 * 1
+3 * 1
+2 * 1
+4 * 1
+3 +41 1
+4 +1 1
+7 * 1
+4 * 1
+4 +1 1
+1 * 1
+1 * 1
+2 * 1

fl=(8)
fn=(14)
0x18180 31 1
+5 -3 1
+3 +3 1
+2 * 1
+2 * 1
+6 * 1
+3 * 1
+2 * 1
+7 +8 1
+2 -6 1
+3 * 1
+2 +7 1

fl=(29)
fn=(90)
0xff80 163 3
+1 * 3
+7 +15 3
+5 -3 3
+5 * 3
+5 +1 3
+5 * 3
+5 -13 3
+5 * 3
+5 +14 3
+5 * 3
+5 +1 3
+5 +2 3
cfi=(2)
cfn=(92)
calls=3 0x1320 798 
* * 6
+6 +2 3
+5 -1 3
+3 +4 3
+2 -5 3
+5 +2 3
+3 +3 3
+5 -4 3
+5 +4 3
cfi=(30)
cfn=(94)
calls=3 0x19770 26 
* * 57
+5 * 3
+2 * 3
+2 * 3
+2 +2 3
+5 * 3
+5 * 3
cfi=(33)
cfn=(122) openaux
calls=2 0xd5d0 60 
* * 8130
cfi=(2)
cfn=(96)
calls=1 0x14a0 625 
* * 2458
+3 +1 3
+5 * 3
+5 +2 3
+5 +1 3
+5 -3 3
+3 +1 3
+5 * 3
+7 +1 3
+7 +1 3
+3 +8 3
+7 * 3
+2 * 3
+1 * 3

fn=(138)
0x10040 205 1
+2 * 1
+2 * 1
+2 * 1
+3 * 1
+2 * 1
+3 * 1
+1 * 1
+3 * 1
+1 * 1
+4 +1 1
cfi=(2)
cfn=(92)
calls=1 0x1320 798 
* * 2
+6 +5 1
+7 -1 1
+3 -4 1
+3 +9 1
+7 +2 1
+3 -3 1
+7 +3 1
cfi=(2)
cfn=(140)
calls=1 0x18d0 657 
* * 2346
+3 +2 1
+3 +1 1
+7 +1 1
+4 * 1
+1 * 1
+1 * 1
+2 * 1
+2 * 1
+2 * 1
+2 * 1

fl=(13)
fn=(28)
0xbaa0 61 3
+2 * 3
+2 * 3
+2 * 3
+2 * 3
+3 * 3
+1 * 3
+1 * 3
+3 * 3
+4 * 3
+5 * 3
+3 * 3
+4 * 3
+5 * 3
+5 +1 3
cfi=(9)
cfn=(18)
calls=3 0x19ca0 -36 
* * 154
+5 +6 3
+7 -6 3
+3 * 3
+4 * 3
+3 * 3
+4 +6 3
+3 * 3
+2 * 3
+4 * 3
+5 * 3
+3 * 3
+3 * 3
+3 * 3
+7 * 3
+2 * 3
+5 * 3
+4 +7 3
+8 * 3
+5 * 3
+5 * 3
cfi=(15)
cfn=(32)
calls=3 0x17c00 +27 
* * 134
* * 3
+5 +3 3
+3 -3 3
+3 +3 3
+6 +4 3
+8 +5 3
+5 * 3
+5 -6 3
+4 +6 3
+4 -5 3
+7 +4 3
+4 * 3
+4 +1 3
cfi=(16)
cfn=(42)
calls=3 0x1abf0 -26 
* * 88
+5 * 3
+4 +10 3
+3 * 3
+5 -8 3
+8 +9 3
+6 -1 3
+3 * 3
+4 +1 3
+8 * 3
+4 -1 3
+4 +1 3
+3 * 3
+3 +3 3
+7 -3 3
+7 +3 3
+6 +9 3
+3 -7 3
+7 +4 3
+4 +3 3
+2 * 1
+4 * 1
+3 * 1
+4 * 1
+5 * 1
+7 +2 1
+7 * 1
+4 -2 1
+3 * 1
-14 +2 15
+7 * 15
+4 -2 15
+3 * 15
+2 +12 3
+7 +6 3
+7 -5 3
+11 -1 3
+7 +6 3
+4 * 3
+4 * 3
+4 -2 3
+2 +2 3
+3 * 3
+2 +2 2
+6 * 2
+5 * 2
+7 +3 2
+3 * 2
-3 * 1
+3 * 1
+2 * 1
+9 +4 2
+7 * 2
+3 * 2
+2 +4 2
+2 * 2
+7 * 2
+6 +2 1
+2 +6 1
+8 +3 1
+7 * 1
+7 +3 1
+5 * 1
+3 * 1
+3 * 1
+3 * 1
-28 -3 2
+7 * 2
+7 +3 2
+5 * 2
+3 * 2
+3 * 2
+3 * 2
+6 +2 2
+5 +4 2
+3 -4 2
cfi=(9)
cfn=(18)
calls=2 0x19ca0 26 
* * 144
+5 * 2
+3 * 2
+4 +4 2
+4 -4 2
+5 +4 2
+3 * 2
+2 * 2
+92 +64 2
+7 * 2
+3 +4 2
+4 * 2
+1 * 2
+1 * 2
+2 * 2
+2 * 2
+2 * 2
+2 * 2
-14 * 1
+4 * 1
+1 * 1
+1 * 1
+2 * 1
+2 * 1
+2 * 1
+2 * 1
+8 -88 2
+7 * 2
+3 * 2
+38 -39 3
+11 * 3
+5 * 1
+3 +39 1
+2 * 1
+7 * 1
+38 +70 2
+5 * 2
+5 * 2
cfi=(24)
cfn=(66)
calls=2 0x1a9c0 61 
* * 71
+5 * 2
+7 +5 40
+3 +1 40
+4 -1 40
+4 +1 40
-8 * 2
+4 -1 2
+4 +1 2
+2 * 2
+3 * 2
+4 +5 2
+3 * 2
+5 -57 2
+3 * 2
cfi=(15)
cfn=(36)
calls=2 0x17bf0 -72 
* * 68
* * 2
+5 +1 2
+3 -1 2
+3 +1 2
+2 * 2
+3 * 2

fn=(44)
0xba10 32 3
+1 * 3
+3 +2 3
+7 -2 3
+1 * 3
+3 * 3
+4 +2 3
cfi=(2)
cfn=(46)
calls=3 0x1330 838 
* * 6
+6 +2 3
+4 * 3
+7 * 3
+4 * 3
+3 * 3
+3 * 3
+3 * 3
+2 * 1
+5 +4 3
+3 -1 3
+4 * 3
+3 * 3
-7 * 2
+4 * 2
+3 * 2
+2 +2 2
+4 +2 2
+4 +4 2
+4 +4 2
+7 -4 2
+4 * 2
+5 +1 2
+7 * 2
+7 +1 2
+4 * 2
+7 +2 2
+7 +1 2
+4 * 2
+1 * 2
+1 -1 2
cfi=(2)
cfn=(48)
calls=2 0x1340 844 
* * 4
-58 -4 1
+4 +4 1
+7 -4 1
+4 * 1
+5 +1 1
+7 * 1
+7 +1 1
+4 * 1
+7 +2 1
+7 +1 1
+4 * 1
+1 * 1
+1 -1 1
cfi=(2)
cfn=(48)
calls=1 0x1340 844 
* * 2
+2 -5 1
+3 * 1

fl=(25)
fn=(114)
0x196a0 81 6
+5 * 6
+2 * 6
+6 * 6
+2 +1 6

fn=(198)
0x19680 81 1
+5 * 1
+2 * 1
+6 * 1
+2 +1 1

fn=(68)
0x19650 81 9
+3 * 9
+5 * 9
+2 * 9
+6 * 9
+2 +1 9

fl=(33)
fn=(120)
0xdac0 147 1
+1 +1 1
+3 -1 1
+3 * 1
+2 +1 1
+4 -1 1
+2 +1 1
+8 -1 1
+2 +1 1
+4 * 1
+4 -1 1
+2 * 1
+1 * 1
+7 * 1
+6 * 1
+7 +1 1
+3 -1 1
+7 +1 1
+5 * 1
+4 +14 1
+4 -2 1
+6 +1 1
+4 -13 1
+7 +14 1
+4 +6 1
+7 * 1
+3 * 1
+3 +10 1
+2 -10 1
+6 +10 1
+6 * 1
+4 * 1
+3 -14 1
+5 -4 1
+2 +2 1
+3 +17 1
+3 -17 1
+3 -2 1
+4 * 1
+4 +2 1
+4 -2 1
+4 +2 1
+4 -2 1
+6 +1 1
+4 +1 1
+4 +6 1
+7 * 1
+3 * 1
+3 +10 1
+3 -10 1
+6 +10 1
+2 * 1
+2 * 1
+4 -16 1
+7 * 1
+4 * 1
+4 +20 1
+3 +21 1
+8 +1 1
+7 -22 1
+7 * 1
+8 +19 1
+6 -12 1
+11 +15 1
+10 -16 1
+11 +13 1
+6 343 1
+4 * 1
+7 * 1
+4 * 1
+7 * 1
+4 * 1
+7 * 1
+4 * 1
+7 * 1
+3 209 1
+3 +8 1
+8 -4 1
+6 +4 1
-17 -8 3
+3 +8 3
+8 -4 3
+6 +4 3
+6 +12 4
+5 * 4
+6 +2 2
+4 +11 2
+4 -5 2
+4 -6 2
+4 * 2
+4 +5 2
+4 +2 2
+6 * 2
+3 +1 2
+6 * 2
+3 +3 2
+3 * 2
+3 * 2
+6 * 2
+7 -32 2
+3 +32 2
+7 * 2
+6 +50 2
+3 * 2
+2 +1 1
+3 * 1
+4 * 1
+5 -51 1
+4 * 1
+3 * 1
+3 * 1
-10 * 44
+4 * 44
+3 * 44
+3 * 44
+6 +1 45
+4 * 45
+6 +6 2
+4 * 2
+4 * 2
+5 * 2
+3 * 2
cfi=(27)
cfn=(72)
calls=2 0x19a50 24 
* * 70
+5 * 2
+3 * 2
+6 +5 2
+7 * 2
+7 * 2
+7 * 2
+7 * 2
+7 -3 2
+4 +3 2
cfi=(29)
cfn=(90)
calls=2 0xff80 -91 
* * 8252
+5 +2 2
+4 * 2
+3 * 2
+6 +15 2
+4 +2 2
+7 * 2
+6 +5 2
+4 +6 2
+7 -6 2
+5 * 2
+4 +3 2
+4 +1 2
+6 +1 2
+8 +1 2
+4 +4 2
+7 * 2
+7 * 2
+3 * 2
+3 * 2
+6 -2 2
+6 * 2
+3 * 2
+6 * 2
+5 -57 2
+8 * 2
+6 * 2
+8 * 2
+6 -19 2
+3 471 2
+3 * 2
-3 * 2
+3 * 2
+2 +2 2
+5 * 2
+3 * 2
+9 +3 2
+5 * 2
+4 -1 2
cfi=(15)
cfn=(36)
calls=2 0x17bf0 93 
* * 89
* * 2
+5 +2 2
+3 -2 2
+3 +2 2
+6 +3 2
+3 +1 2
+3 * 2
+4 * 2
+8 * 2
+3 +1 2
+4 -1 2
+3 * 2
cfi=(16)
cfn=(42)
calls=2 0x1abf0 61 
* * 41
+5 +1 2
+4 * 2
+3 * 2
+3 * 2
cfi=(16)
cfn=(42)
calls=2 0x1abf0 61 
* * 41
+5 +4 2
+8 -1 2
+7 +5 2
+7 * 2
+2 * 2
+2 * 2
-11 * 2
+7 * 2
+2 * 2
+2 * 2
+20 +3 3
+3 * 3
+3 * 3
+6 -1 4
+4 +1 4
+3 * 4
+2 202 1
+3 497 1
+7 * 1
+3 * 1
+2 * 1
+6 * 1
+2 * 1
+2 +1 1
+6 * 1
+6 +3 1
+7 * 1
+7 * 1
+3 * 1
+7 * 1
+31 +11 1
+6 * 1
+4 * 1
+4 -1 1
cfi=(15)
cfn=(36)
calls=1 0x17bf0 93 
* * 34
* * 1
+5 +3 1
+3 -3 1
+3 +3 1
+6 +5 1
+6 * 1
+7 * 1
+2 * 1
+3 * 1
+3 * 1
+4 * 1
+7 +1 1
+6 * 1
+6 * 1
+2 * 1
+6 +2 1
+2 * 1
+7 * 1
+2 * 3
+2 * 3
+4 +6 3
+7 * 3
+3 * 3
+4 +4 3
+4 -10 3
+4 +10 3
+7 -10 3
+3 * 3
-36 * 1
+4 +6 1
+7 * 1
+3 * 1
+4 +4 1
+4 -10 1
+4 +10 1
+7 -10 1
+3 * 1
+2 * 1
+3 +13 1
+7 * 1
+6 +51 1
+7 * 1
+7 * 1
+3 * 1
+3 * 1
+7 * 1
+6 +2 1
+7 * 1
+3 * 1
0xe0d8 +42 1
+4 * 1
+7 +1 1
+2 -1 1
+4 * 1
+4 * 1
+4 * 1
+3 * 1
+3 * 1
+4 +1 1
cfi=(26)
cfn=(70)
calls=1 0x1a9b0 30 
* * 14
+5 * 1
+3 -2 1
+6 * 1
+7 * 1
+11 * 1
+5 * 1
+3 * 1
+3 * 1
+6 * 1
+4 * 1
+7 * 1
+4 +13 1
+6 -6 1
+4 -1 1
+5 +1 1
+3 +6 1
+3 * 1
-36 -13 2
+4 * 2
+7 * 2
+4 +13 2
+6 -6 2
+4 -1 2
+5 +1 2
+3 +6 2
+3 * 2
+2 * 2
+6 +2 2
+3 * 2
+4 * 2
+3 * 2
+7 +1 2
+3 * 2
-20 -1 1
+3 * 1
+4 * 1
+3 * 1
+7 +1 1
+3 * 1
+2 * 2
+2 +3 2
+4 * 2
+3 * 2
+6 -1 3
+3 * 3
+3 * 3
+2 +23 3
+3 -28 3
+3 * 3
+2 +31 3
+3 * 3
+3 * 3
+6 +3 2
+3 * 2
+2 * 2
+6 * 2
+2 * 2
+7 * 2
+2 * 2
+4 * 2
+3 * 2
+4 * 2
cfi=(26)
cfn=(70)
calls=2 0x1a9b0 30 
* * 18
+5 * 2
+6 * 2
+3 * 2
+5 * 3
+7 * 3
+4 * 3
+5 217 4
+8 * 4
+6 +1 4
+7 * 4
+6 * 3
+8 * 3
+3 * 3
+6 +2 2
+4 +2 2
+7 * 2
+7 * 2
+6 +2 2
+4 * 2
+4 * 2
+4 * 2
+6 * 2
+3 * 2
+5 * 2
+4 * 2
+5 * 2
+7 * 2
+6 * 2
+7 * 2
+7 * 2
0xe2e8 658 1
+7 * 1
+7 +25 1
+7 * 1
+8 +2 1
+7 +1 1
+7 -1 1
+7 +2 1
+7 * 1
+3 * 1
+21 +7 1
+7 * 1
+3 * 1
+7 +3 1
+3 * 1
+6 +3 1
+4 * 1
+1 * 1
+2 * 1
+2 * 1
+2 * 1
+2 * 1
+1 * 1
+1 295 43
+4 * 43
+6 * 43
0xea82 623 1
+4 * 1
+3 * 1
+3 * 1
+8 * 1
+3 * 1
+7 * 1
cfi=(16)
cfn=(42)
calls=1 0x1abf0 61 
* * 28
+5 +2 1
+4 -38 1
+11 +38 1
+6 * 1

fn=(122)
0xd5d0 60 2
+1 * 2
+3 +7 2
+3 -4 2
+5 * 2
+3 * 2
+4 +1 2
+7 -1 2
+4 +1 2
+3 -1 2
+3 * 2
+2 * 2
+3 * 2
+4 * 2
cfi=(21)
cfn=(98)
calls=2 0x8c70 2317 
* * 8096
+5 * 2
+4 +5 2
+1 * 2

fl=(28)
fn=(84)
0x10980 50 4
+3 * 4
+29 +5 3
+3 * 3
+8 +5 1
+4 * 1
+7 -1 1
+4 +1 1
+4 * 1
+4 +1 1
+7 * 1
+4 -1 1
+4 * 1
+7 -9 4
+7 +4 4
+5 * 4
+2 +4 1
+3 -1 1
+6 -58 1
+17 0 3

fn=(86)
0x10970 74 2

fl=(10)
fn=(20)
0x181e0 34 1
+1 * 1
+3 * 1
+1 * 1
+4 +8 1
+7 * 1
+3 * 1
+2 * 1
+6 * 1
+2 * 1
+2 +4 1
+4 * 1
+22 +11 1
+4 * 1
+3 * 1
+1 * 1
+1 * 1

fl=(20) /build/buildd/eglibc-2.19/posix/../sysdeps/unix/syscall-template.S
fn=(58) uname
0x196e0 81 1
+5 * 1
+2 * 1
+6 * 1
+2 +1 1

fl=(19)
fn=(56)
0x17840 45 1
+2 * 1
+2 * 1
+2 * 1
+2 * 1
+1 * 1
+1 * 1
+7 +2 1
+7 * 1
+3 * 1
0x17907 +85 1
+7 * 1
+1 * 1
+1 * 1
+2 * 1
+2 * 1
+2 * 1
+2 * 1
+8 -45 1
+5 * 1
+3 * 1
cfi=(20)
cfn=(58)
calls=1 0x196e0 -6 
* * 5
+5 * 1
+2 +15 1
+7 -15 1
+2 +20 1
+3 -1 1
+2 +3 1
+3 * 1
+3 * 1
+3 * 1
-9 * 2
+3 * 2
+3 * 2
+3 * 2
+2 +4 3
+4 -2 3
+4 * 3
+3 +2 3
+3 * 3
+4 * 3
+2 * 1
+4 +2 1
+3 +1 1
+4 * 1
+4 -3 1
+3 * 1
+3 * 1
+4 * 1
+2 +7 3
+3 -1 3
+4 +4 3
+4 -2 3
+2 +2 3
+3 * 3
+2 * 2
+4 * 2
+7 +5 1
+4 * 1

fl=(1) ???
fn=(0) 0x00000000000012d0
0x12d0 0 1
+3 0 1
cfi=(2)
cfn=(2)
calls=1 0x4a70 362 
* 0 98363
+5 0 1
+3 0 1
+6 0 1
+1 0 1
+4 0 1
+2 0 1
+1 0 1
+3 0 1
+3 0 1
+4 0 1
+7 0 1
+5 0 1
+4 0 1
+2 0 1
cfi=(48)
cfn=(202)
calls=1 0x101b0 86 
* 0 1801
+5 0 1
+7 0 1
+3 0 1
cob=(5)
cfi=(59)
cfn=(242) 0x0000000000400560
calls=1 0x400560 0 
* 0 476049

fl=(12)
fn=(26)
0x1a300 315 12
+2 +3 12
+3 -3 12
+2 * 12
+2 * 12
+2 * 12
+1 * 12
+1 +4 12
+3 -4 12
+7 +7 12
+4 * 12
+6 +4 4
+4 * 4
+3 * 4
+2 +2 1
+3 +1 1
+3 +1 1
+4 +1 1
+4 +2 1
+3 * 1
+13 -5 1
+4 +1 1
+4 +1 1
+4 +1 1
+4 +2 1
+3 * 1
+6 +2 2
+4 -9 2
+3 * 2
+3 * 2
+2 +16 4
+3 +1 4
+3 * 4
+4 -1 4
+3 * 4
+6 129 2
+3 * 2
+3 * 2
+4 * 2
+6 * 2
+6 * 2
+4 * 2
+94 -18 2
+4 * 2
+2 * 2
+2 346 2
+3 * 2
+2 +4 2
+3 +2 2
+3 -2 2
+4 * 2
+3 +1 2
+3 +5 2
+3 * 2
-3 * 8
+3 * 8
+2 +2 9
+4 +1 9
+3 +1 9
+4 +3 9
+3 * 9
+2 * 8
+3 * 8
+3 * 8
+8 * 54
+3 -3 54
+4 -2 54
+3 +1 54
+4 +4 54
+3 * 54
+2 -7 62
+3 * 62
+2 +12 9
+2 +1 9
+7 * 9
+1 * 9
+1 * 9
+2 * 9
+2 * 9
+2 * 9
+2 * 9
-17 * 3
+7 * 3
+1 * 3
+1 * 3
+2 * 3
+2 * 3
+2 * 3
+2 * 3
+5 228 2
+3 -7 2
+3 +1 2
+5 +4 2
+3 +2 2
+3 -6 2
+2 +4 2
+4 +2 2
+4 * 2
+6 * 2
+6 * 2
+4 * 2
0x1a4ff -95 2
+3 +1 2
+3 +1 2
+4 +1 2
+4 +1 2
+4 +48 2
+3 -2 2
+4 +1 2
+4 +1 2
+6 * 2
+5 * 2
+5 * 2
+5 * 2
+5 * 2
+2 * 2
+8 -80 2
+5 +1 2
+4 * 2
+4 +4 2
+3 * 2
-16 -5 8
+5 +1 8
+4 * 8
+4 +4 8
+3 * 8
+2 * 2
+5 234 2
+3 +2 2
+4 -4 2
+4 +1 2
+4 +4 2
+4 -2 2
+4 +56 2
+2 * 2
+3 -2 2
+4 +2 2
+3 * 2
+2 -1 2
+4 +1 2
+3 * 2
+3 +1 2
+3 * 2
0x1a757 +12 2
+2 * 2
+3 * 2
+2 * 2
+3 * 2
+3 * 2
+3 +1 2
+3 * 2
0x1a7e7 -6 2
+4 * 2

ob=(3)
fl=(41) /build/buildd/eglibc-2.19/csu/../sysdeps/x86_64/multiarch/init-arch.c
fn=(172) __init_cpu_features
0x22100 54 1
+2 -9 1
+1 +9 1
+2 +3 1
+6 -3 1
+6 +3 1
+2 * 1
+6 * 1
+2 * 1
+6 * 1
+31 +95 1
+7 * 1
+2 +1 1
+5 * 1
+2 * 1
+2 * 1
+6 * 1
+6 * 1
+6 * 1
+6 +7 1
+7 * 1
+7 * 1
+19 +24 1
+4 * 1
+6 +5 1
+6 +1 1
+6 +2 1
+7 +1 1
+1 * 1
0x22240 -9 1
+3 * 1
+6 * 1
+3 * 1
+6 +1 1
+3 * 1
+6 * 1
+3 * 1
+2 * 1
+2 +1 1
+3 * 1
0x222d0 31 1
+5 * 1
+2 +6 1
+2 -6 1
+6 +7 1
+2 -1 1
+3 +28 1
+2 -27 1
+3 +27 1
+3 -28 1
+3 +2 1
+3 -1 1
+3 +1 1
+4 +26 1
+6 +1 1
+3 -35 1
+3 * 1
+6 * 1
+6 * 1
+6 +35 1
+2 +5 1
+3 -12 1
+6 +12 1
+6 +3 1
+2 * 1
+3 * 1
+3 * 1
+2 * 1
+5 * 1
+3 * 1
+5 * 1
0x223b3 +49 1
+7 -64 1
+6 +68 1

fl=(63) /build/buildd/eglibc-2.19/stdlib/cxa_atexit.c
fn=(258) __cxa_atexit
0x3c4c0 57 2
+2 * 2
+3 * 2
+1 * 2
+3 * 2
+1 * 2
+3 -22 2
+7 * 2
cfn=(260) __new_exitfn
calls=2 0x3c300 +38 
* * 82
+5 +2 2
+3 * 2
+2 +4 2
+3 +3 2
+4 +1 2
+4 -4 2
+9 * 2
+4 +2 2
+4 +4 2
+7 +1 2
+2 +11 2
+1 * 2
+1 * 2
+2 * 2

fn=(260)
0x3c300 73 2
+1 +6 2
+5 * 2
+2 -6 2
+1 * 2
+3 * 2
+4 +6 2
+7 * 2
+18 * 2
+7 * 2
+6 +2 2
+3 * 2
+3 * 2
+6 * 2
+3 -7 2
+2 * 2
+9 +9 2
+4 * 2
+3 * 2
+2 +1 1
+4 * 1
+3 * 1
+4 * 1
+6 * 1
+45 -3 1
+3 +10 1
+8 -10 1
+3 * 1
+3 * 1
+7 +2 1
+3 * 1
+6 +11 1
+4 * 1
+2 +25 1
+3 +1 1
+4 -1 1
+4 +1 1
+4 -1 1
+5 +7 1
+7 +1 1
+8 +3 1
+7 * 1
-22 -4 1
+7 +1 1
+8 +3 1
+7 * 1
+17 * 2
+6 * 2
+6 +3 2
+4 * 2
+3 * 2
+1 * 2
+1 * 2
+6 -21 1
+4 +1 1
+8 * 1

fl=(54) /build/buildd/eglibc-2.19/string/../sysdeps/x86_64/strrchr.S
fn=(226) rindex
0x8a7c0 24 1
+4 +1 1
+3 +1 1
+5 +1 1
+4 +1 1
+6 +1 1
+4 +1 1
+5 +1 1
+6 +1 1
+4 +1 1
+4 +1 1
+4 +1 1
+4 +1 1
+4 +1 1
+4 +1 1
+4 +1 1
+3 +1 1
+2 +1 1
+4 +1 1
+3 +1 1
+3 +1 1
+6 +1 1
+4 +1 1
+3 +1 1

fl=(66) /build/buildd/eglibc-2.19/malloc/hooks.c
fn=(284) malloc_hook_ini
0x83bf0 30 1
+7 * 1
fi=(67) /build/buildd/eglibc-2.19/malloc/arena.c
+7 373 1
+6 * 1
+2 * 1
fe=(66)
+10 29 1
+4 * 1
+5 * 1
cfi=(67)
cfn=(286) ptmalloc_init.part.7
calls=1 0x837d0 371 
* * 57839
+5 * 1
+5 +4 1
+4 -1 1
cfi=(65) /build/buildd/eglibc-2.19/malloc/malloc.c
cfn=(298) malloc
calls=1 0x82750 2876 
* * 1177

fl=(78) /build/buildd/eglibc-2.19/gmon/../sysdeps/unix/sysv/linux/prof-freq.c
fn=(320) __profile_frequency
0xfd520 28 1
+7 * 1
+3 +1 1

fl=(71) /build/buildd/eglibc-2.19/malloc/morecore.c
fn=(304) __default_morecore
0x85090 46 2
+4 +1 2
cfi=(72) /build/buildd/eglibc-2.19/misc/sbrk.c
cfn=(306) sbrk
calls=2 0xf1280 -13 
* * 72
+5 +2 2
+2 * 2
+4 * 2
+4 +3 2
+4 * 2
+3 * 2

fl=(72)
fn=(306)
0xf1280 34 2
+2 +8 2
+7 -8 2
+1 * 2
+3 * 2
+1 +8 2
+4 * 2
+3 * 2
+2 * 1
+6 * 1
+2 * 1
+2 +4 2
+4 * 2
+2 +4 1
+2 * 1
+3 * 1
+3 * 1
+2 +3 1
cfi=(73) /build/buildd/eglibc-2.19/misc/../sysdeps/unix/sysv/linux/x86_64/brk.c
cfn=(308) brk
calls=1 0xf1210 -22 
* * 13
+5 * 1
+2 * 1
+2 +4 2
+3 * 2
+1 * 2
+1 * 2
+2 * 2
+7 -14 1
+2 * 1
cfi=(73)
cfn=(308)
calls=1 0xf1210 -12 
* * 13
+5 * 1
+2 * 1
+2 * 1
+4 * 1

fl=(80) /build/buildd/eglibc-2.19/setjmp/../sysdeps/x86_64/bsd-_setjmp.S
fn=(340) _setjmp
0x36b20 30 1
+2 +2 1
cfi=(81) /build/buildd/eglibc-2.19/setjmp/../sysdeps/x86_64/setjmp.S
cfn=(342) __sigsetjmp
calls=1 0x36a80 -6 
* * 27

fl=(44) /build/buildd/eglibc-2.19/elf/../sysdeps/unix/sysv/linux/dl-vdso.c
fn=(178) _dl_vdso_vsym
0x136920 27 4
+7 -1 4
+3 +1 4
+7 +4 4
+3 * 4
0x1369c8 -3 4
+2 * 4

fl=(67)
fn=(286)
0x837d0 371 1
+2 * 1
+2 * 1
+2 * 1
+1 * 1
+1 * 1
+4 +13 1
+8 -8 1
+10 +8 1
+23 +7 1
+7 * 1
+7 +1 1
+7 * 1
+10 -1 1
+4 +1 1
+7 * 1
+7 * 1
+7 * 1
+7 * 1
+7 * 1
+7 * 1
+7 * 1
+3 * 1
+7 * 1
cfi=(70) /build/buildd/eglibc-2.19/nptl/../nptl/sysdeps/unix/sysv/linux/register-atfork.c
cfn=(296) __linkin_atfork
calls=1 0x1083a0 116 
* * 9
+5 +2 1
+7 * 1
+3 * 1
+3 * 1
+2 * 1
+3 +16 1
+7 * 1
+7 -74 88
+4 * 88
+6 +16 88
+4 -18 88
+3 * 88
+3 * 88
-6 * 1
+3 * 1
+3 * 1
+2 455 1
+3 * 1
+11 +6 1
+7 * 1
+3 +1 1
+3 * 1
+4 +2 1
+10 +1 1
+4 * 1
+1 * 1
+1 * 1
+2 * 1
+2 * 1
+2 * 1
+35 -80 1
+5 * 1
+7 * 1
+2 * 1
+3 * 1
cfi=(68) /build/buildd/eglibc-2.19/elf/dl-addr.c
cfn=(288) _dl_addr
calls=1 0x135d10 126 
* * 57231
+5 * 1
+2 * 1
+6 +1 1
+4 * 1
+5 * 1
+6 * 1
+5 -49 5
+4 * 5
+6 +1 1
+4 * 1

fl=(75) /build/buildd/eglibc-2.19/gmon/../sysdeps/posix/profil.c
fn=(314) profil
0xfc910 64 1
+2 * 1
+2 * 1
+1 * 1
+1 * 1
+3 * 1
+7 +9 1
+3 * 1
+6 +13 1
+8 * 1
+3 * 1
+3 * 1
+3 * 1
+56 +5 1
+5 +15 1
+7 +3 1
+7 -2 1
+11 * 1
+9 -5 1
+3 * 1
+8 * 1
+8 +7 1
+5 * 1
+8 * 1
+8 * 1
+8 * 1
+8 * 1
+8 * 1
+8 * 1
+8 * 1
+8 * 1
+8 * 1
+8 * 1
+8 * 1
+8 * 1
+11 -8 1
+7 +1 1
+7 +1 1
+7 +1 1
+7 +2 1
+5 +3 1
cfi=(76) /build/buildd/eglibc-2.19/signal/../nptl/sigaction.c
cfn=(316) sigaction
calls=1 0x36f60 -72 
* * 108
+5 * 1
+2 * 1
+6 +3 1
+9 +1 1
cfi=(78)
cfn=(320)
calls=1 0xfd520 -85 
* * 3
+5 * 1
+2 * 1
+5 +2 1
+3 -2 1
+1 +2 1
+5 -2 1
+2 * 1
+2 * 1
+5 +1 1
+5 * 1
+5 * 1
+5 +1 1
+7 -1 1
+4 +1 1
cfi=(79) /build/buildd/eglibc-2.19/time/../sysdeps/unix/syscall-template.S
cfn=(322) setitimer
calls=1 0xb43a0 -34 
* * 5
+5 +1 1
+7 * 1
+1 * 1
+1 * 1
+2 * 1
+2 * 1

fl=(58)
fn=(238)
0x21be0 33 1
+7 * 1
+8 * 1
+20 +1 1

fl=(42)
fn=(174)
0xb13c0 37 1
+7 -1 1
fi=(43) /build/buildd/eglibc-2.19/time/../sysdeps/generic/dl-hash.h
+4 +8 1
fe=(42)
+7 -7 1
+8 * 1
fi=(43)
+8 +8 1
fe=(42)
+5 -8 1
fi=(43)
+4 +6 1
+5 +5 1
+4 * 1
+4 * 1
+3 +1 1
+3 * 1
+5 +13 1
+4 * 1
+3 -17 1
+3 * 1
+2 * 1
-31 +3 3
+4 * 3
+4 * 3
+3 +1 3
+3 * 3
+5 +13 3
+4 * 3
+3 -17 3
+3 * 3
+2 * 3
+2 +22 1
fe=(42)
+5 -30 1
+5 * 1
+2 +3 1
+7 * 1
+3 -3 1
+9 +3 1
cfi=(44)
cfn=(178)
calls=1 0x136920 -13 
* * 7
+5 * 1
+7 * 1
+3 * 1
+4 +1 1
+4 * 1
+3 * 1

fl=(45)
fn=(182)
0xb1470 31 1
+7 -1 1
fi=(43)
+4 +14 1
fe=(45)
+7 -13 1
+8 * 1
fi=(43)
+8 +14 1
fe=(45)
+5 -14 1
fi=(43)
+4 +12 1
+5 +5 1
+4 * 1
+4 * 1
+3 +1 1
+3 * 1
+5 +13 1
+4 * 1
+3 -17 1
+3 * 1
+2 * 1
-31 +3 3
+4 * 3
+4 * 3
+3 +1 3
+3 * 3
+5 +13 3
+4 * 3
+3 -17 3
+3 * 3
+2 * 3
+2 +22 1
fe=(45)
+5 -36 1
+5 * 1
+2 +3 1
+7 * 1
+3 -3 1
+9 +3 1
cfi=(44)
cfn=(178)
calls=1 0x136920 -7 
* * 7
+5 +1 1
+7 * 1
+3 * 1
+4 +1 1
+4 * 1
+3 * 1

fl=(79)
fn=(322)
0xb43a0 81 1
+5 * 1
+2 * 1
+6 * 1
+2 +1 1

fl=(73)
fn=(308)
0xf1210 31 2
+5 -3 2
+3 +3 2
+2 * 2
+2 * 2
+6 * 2
+3 * 2
+2 * 2
+7 * 2
+3 +8 2
+2 -6 2
+3 * 2
+2 +7 2

fl=(56)
fn=(230)
0x21980 550 1
+2 +13 1
+6 -13 1
+1 +13 1
+2 -13 1
+1 +13 1
+2 +7 1
+3 * 1
+29 +2 1
+6 * 1
+5 * 1
cfn=(232) handle_intel
calls=1 0xa1a20 306 
* * 734
+5 +4 1
+6 * 1
+5 -4 1
+3 +4 1
cfn=(232)
calls=1 0xa1a20 306 
* * 464
+5 +2 1
+3 -2 1
+3 -1 1
+6 +3 1
+6 +29 1
+7 -18 1
+7 +18 1
+4 * 1
+2 * 1
+2 +7 1
+6 * 1
+9 +9 4
+2 * 4
+3 * 4
+3 * 4
+3 * 4
+6 -9 3
+2 * 3
+3 * 3
+3 * 3
+2 +6 3
+2 * 3
-10 -6 1
+3 * 1
+3 * 1
+2 +6 1
+2 * 1
+10 +49 1
+3 * 1
+2 * 1
+3 * 1
+2 +75 1
+3 * 1
+2 +2 1
+3 +1 1
+7 +2 1
+4 -3 1
+3 +5 1
+7 -5 1
+7 +4 1
+3 * 1
+3 * 1
+7 +4 1
+3 * 1
+6 +2 1
+3 +1 1
+7 +2 1
+4 -3 1
+3 +5 1
+7 +2 1
+1 -7 1
+7 +4 1
+3 * 1
+3 +3 1
+1 -3 1
+7 +3 1
+2 * 1
+1 -93 1
+3 * 1
+2 * 1
+3 * 1
+3 * 1
0x21b65 -45 1
+3 * 1
+2 +6 1
+6 * 1
+2 * 1
+4 * 1
+2 * 1
+2 +7 1
+6 * 1
+2 +4 2
+2 * 2
+2 +2 2
+6 * 2
+2 -6 1
+2 * 1
+3 * 1
+3 * 1
+2 +4 1
+6 -2 1
+3 +2 1
-17 -4 1
+3 * 1
+3 * 1
+2 +4 1
+6 -2 1
+3 +2 1
+2 +15 1
+4 * 1
+35 -8 1
+3 +2 1
+3 * 1
+3 +1 1
+3 -1 1
+2 * 1
+2 +1 1
+2 +1 1

fn=(234) intel_check_word
0xa16d0 162 6
+2 * 6
+6 +6 6
+7 -7 6
+2 * 6
+3 +7 6
+5 * 6
+3 -7 6
+1 +7 6
+4 * 6
+2 -7 6
+1 +7 6
+3 +2 6
+2 -2 6
+3 +2 6
+6 * 5
+7 * 5
+7 +2 5
+4 +2 5
+4 * 5
-8 -2 8
+4 +2 8
+4 * 8
+6 +8 13
+7 * 13
+6 +53 13
+4 * 13
fi=(57) /build/buildd/eglibc-2.19/string/../bits/stdlib-bsearch.h
+49 27 13
+3 +1 13
+5 * 13
+8 +3 13
+4 * 13
+3 +1 13
fe=(56)
+4 150 13
+3 * 13
fi=(57)
-14 31 21
+4 * 21
+3 +1 21
fe=(56)
+4 150 21
+3 * 21
+2 +3 84
fi=(57)
+2 29 61
+3 +2 61
+3 -2 61
+2 +2 53
+3 * 53
+3 +1 53
fe=(56)
+4 150 53
+3 * 53
+2 275 3
+5 * 3
+4 * 3
+3 * 3
+6 +14 1
+2 * 1
+2 +6 11
+3 170 11
+2 * 11
+6 -6 4
+2 300 4
+1 * 4
+1 * 4
+2 * 4
fi=(57)
+8 37 23
+4 -8 23
+3 * 23
+2 * 2
fe=(56)
0xa1862 277 2
+6 +2 2
+2 * 2
+30 +21 2
+1 * 2
+1 -19 2
+4 +19 2
+2 * 2

fn=(232)
0xa1a20 306 2
+3 * 2
+6 -1 2
+2 * 2
+2 +17 2
+6 -17 2
+2 * 2
+2 * 2
+1 * 2
+2 * 2
+1 * 2
+4 +14 2
+5 +1 2
+5 * 2
+5 -3 2
+8 * 2
+5 * 2
+5 +23 2
+3 * 2
+3 * 2
+2 * 2
+2 * 2
cfn=(234)
calls=2 0xa16d0 162 
* * 652
+5 +1 2
+3 * 2
+6 +3 2
+3 * 2
+3 * 2
+2 * 2
+2 * 2
cfn=(234)
calls=2 0xa16d0 162 
* * 325
+5 +1 2
+3 * 2
+2 +3 1
+3 * 1
+3 * 1
+3 * 1
+2 * 1
cfn=(234)
calls=1 0xa16d0 162 
* * 20
+5 +1 1
+3 * 1
+2 +3 1
+4 * 1
+3 * 1
+3 * 1
+2 * 1
cfn=(234)
calls=1 0xa16d0 162 
* * 89
+5 +1 1
+3 * 1
+16 -25 2
+5 * 2
+2 +5 2
+4 -5 2
+4 * 2
+3 +5 2
+2 +2 2
+3 +1 2
+2 -1 2
+4 * 2
+38 +27 2
+4 * 2
+1 * 2
+1 * 2
+2 * 2
+2 * 2
+2 * 2
+2 * 2

fl=(81)
fn=(342)
0x36a80 26 1
+3 +9 1
+3 +1 1
+9 * 1
+4 +1 1
+4 +4 1
+4 +1 1
+4 +1 1
+4 +1 1
+4 +1 1
+5 +2 1
+9 * 1
+4 +2 1
+4 +1 1
+4 +3 1
+9 * 1
+4 +2 1
+4 +9 1
cfi=(82) /build/buildd/eglibc-2.19/setjmp/sigjmp.c
cfn=(344) __sigjmp_save
calls=1 +14 -35 
* * 9

fl=(50)
fn=(218)
0x21c20 52 1
+2 * 1
+2 * 1
+3 * 1
+1 * 1
+3 * 1
+1 * 1
+3 * 1
+4 +6 1
+7 * 1
+3 * 1
+26 +14 1
fi=(51) /build/buildd/eglibc-2.19/csu/../sysdeps/generic/dl-hash.h
+7 -28 1
fe=(50)
+7 +26 1
+7 +1 1
fi=(52) /build/buildd/eglibc-2.19/csu/../sysdeps/unix/sysv/linux/x86_64/init-first.c
+7 -33 1
fi=(51)
+8 +7 1
fi=(52)
+5 -7 1
fe=(50)
+8 +34 1
fi=(52)
+3 -34 1
+7 * 1
fi=(51)
+4 +5 1
+5 +5 1
+4 * 1
+4 * 1
+3 +1 1
+3 * 1
+5 +13 1
+4 * 1
+3 -17 1
+3 * 1
+2 * 1
-31 +3 3
+4 * 3
+4 * 3
+3 +1 3
+3 * 3
+5 +13 3
+4 * 3
+3 -17 3
+3 * 3
+2 * 3
+2 +22 1
fi=(52)
+5 -29 1
+5 * 1
+6 +2 1
+7 * 1
+3 -2 1
+9 +2 1
+3 * 1
cfi=(44)
cfn=(178)
calls=1 0x136920 -13 
* * 7
+5 +1 1
+3 * 1
+6 +5 1
+7 * 1
+3 -3 1
+9 * 1
+4 +1 1
+7 +2 1
cfi=(44)
cfn=(178)
calls=1 0x136920 -19 
* * 7
fe=(50)
+5 +40 1
fi=(52)
+3 -36 1
fe=(50)
+3 +36 1
+3 * 1
fi=(52)
+3 -36 1
+7 * 1
+4 +1 1
+9 * 1
+4 +1 1
fe=(50)
+7 +34 1
cfi=(53) /build/buildd/eglibc-2.19/misc/init-misc.c
cfn=(224) __init_misc
calls=1 0xfa300 -56 
* * 48
+5 +8 1
cfi=(55) /build/buildd/eglibc-2.19/ctype/ctype-info.c
cfn=(228) __ctype_init
calls=1 0x30100 -63 
* * 16
+5 +5 1
+4 * 1
+1 * 1
+1 * 1
+2 * 1
+2 * 1
+6 -34 1
+7 -7 1
+10 +7 1
+3 * 1
+7 * 1
+4 * 1
fi=(52)
+25 -23 1
+7 * 1
fe=(50)

fl=(68)
fn=(288)
0x135d10 126 1
+2 * 1
+2 * 1
+2 * 1
+2 * 1
+3 * 1
+1 * 1
+3 * 1
+1 * 1
+4 +5 1
+7 -5 1
+5 * 1
+5 +5 1
+7 * 1
cob=(1)
cfi=(2)
cfn=(46)
calls=1 0x1330 838 
* * 2
+6 +2 1
+3 * 1
cob=(1)
cfi=(69)
cfn=(294)
calls=1 0x14220 +49 
* * 32
cob=(1)
cfi=(60)
cfn=(250)
calls=1 0x164e0 -99 
* * 1145
* * 5
+5 +2 1
+3 * 1
+6 30 1
+4 +1 1
+7 -1 1
+4 +1 1
+5 +3 1
+3 * 1
+6 +5 1
+4 +6 1
+8 -7 1
+4 +2 1
+4 * 1
+4 +2 1
+7 -2 1
+5 +2 1
+4 +3 1
+6 +5 1
+7 * 1
+3 * 1
+6 * 1
+7 * 1
+2 * 1
+2 * 1
+7 +2 1
+4 +1 1
+2 * 1
-6 -1 1010
+4 +1 1010
+2 * 1010
+6 +2 905
+7 * 905
+2 * 905
+4 * 905
+7 * 1307
+2 +6 1307
+4 * 1307
+4 * 1307
+5 * 1307
+4 * 1307
-17 * 905
+4 * 905
+4 * 905
+5 * 905
+4 * 905
+9 +2 2212
+5 * 2212
+4 * 2212
+4 * 2212
+2 +1 2209
+4 * 2209
+3 * 2209
+3 * 2209
+3 * 2209
+2 * 640
+4 * 640
+2 * 640
+4 * 640
+3 * 640
+2 * 22
+3 * 22
+2 * 22
+4 * 22
+3 * 22
+3 * 22
-6 * 618
+3 * 618
+3 * 618
+24 +7 2212
+4 -2 2212
+3 +2 2212
+5 * 2212
+2 * 1011
+4 -21 1011
+3 * 1011
+6 +49 1
+5 * 1
+3 * 1
+2 +1 1
+3 +1 1
+5 * 1
+3 * 1
+5 +3 1
+3 * 1
+35 +37 1
+7 * 1
+7 * 1
cob=(1)
cfi=(2)
cfn=(48)
calls=1 0x1340 844 
* * 2
+6 +3 1
+4 * 1
+2 * 1
+1 * 1
+1 * 1
+2 * 1
+2 * 1
+2 * 1
+2 * 1
0x135f6a -28 1
+9 +1 1
+9 +21 1
+5 * 1

fl=(74) /build/buildd/eglibc-2.19/string/../sysdeps/x86_64/memset.S
fn=(310) memset
0x8c5c0 53 1
+5 +1 1
+3 +1 1
+5 +1 1
+5 +1 1
+6 +2 1
+4 +1 1
+52 +17 1
+4 +1 1
+5 +1 1
+4 +1 1
+7 +1 1
+6 +1 1
+7 +1 1
+6 +1 1
+7 +1 1
+6 +1 1
+7 +1 1
+3 +1 1
+4 +1 1
+3 +1 1
+2 * 1
+9 +3 1
+5 +1 1
+6 +1 1
+6 +1 1
+6 +1 1
+4 +1 1
+3 +1 1
-30 -6 147
+5 +1 147
+6 +1 147
+6 +1 147
+6 +1 147
+4 +1 147
+3 +1 147
+2 +1 1

fl=(70)
fn=(296)
0x1083a0 116 1
+7 * 1
+3 +1 1
+3 * 1
+9 * 1
+3 * 1
+8 * 1
+3 * 1
+2 +2 1

fl=(77) /build/buildd/eglibc-2.19/signal/../sysdeps/unix/sysv/linux/x86_64/sigaction.c
fn=(318) __libc_sigaction
0x36d50 49 1
+7 +4 1
+3 -4 1
+3 +4 1
+6 +3 1
+4 -1 1
+3 +1 1
+5 * 1
+4 -1 1
+5 +1 1
+5 * 1
+4 * 1
+5 * 1
+4 * 1
+5 * 1
+4 * 1
+5 * 1
+4 * 1
+5 * 1
+4 * 1
+5 * 1
+4 * 1
+5 * 1
+4 * 1
+5 * 1
+4 * 1
+5 * 1
+4 * 1
+5 * 1
+4 * 1
+5 * 1
+4 * 1
+4 * 1
+4 * 1
+5 * 1
+4 * 1
+5 * 1
+7 * 1
+5 +1 1
+6 * 1
+5 * 1
+2 * 1
+5 +2 1
+7 * 1
+5 +5 1
+5 * 1
+2 * 1
+5 * 1
+3 * 1
+6 * 1
+3 * 1
+4 * 1
+3 * 1
+4 * 1
+5 * 1
+3 * 1
+2 * 1
+2 * 1
+6 * 1
+3 * 1
+6 +3 1
+2 * 1
+13 * 1
+3 * 1
+2 +2 1
+5 * 1
+3 +1 1
+5 * 1
+4 * 1
+5 * 1
+4 * 1
+5 * 1
+4 * 1
+5 * 1
+4 * 1
+5 * 1
+4 * 1
+5 * 1
+4 * 1
+5 * 1
+4 * 1
+5 * 1
+4 * 1
+8 * 1
+4 * 1
+8 * 1
+4 * 1
+8 * 1
+4 * 1
+8 * 1
+4 * 1
+8 * 1
+4 * 1
+8 * 1
+4 * 1
+8 * 1
+4 * 1
+8 * 1
+7 +1 1
+5 * 1
+7 +1 1
+5 * 1
+7 +3 1
+7 * 1

fl=(40)
fn=(170)
0x8cd60 114 1
+7 +1 1
+2 +1 1
cfi=(41)
cfn=(172)
calls=1 0x22100 -62 
* * 74
+5 +3 1
+7 +1 1
+10 +1 1
+2 +2 1
+10 +1 1
+21 +4 1
+7 +1 1
+10 +1 1
+9 +2 1

fn=(180)
0x8f050 140 1
+7 +1 1
+7 +4 1
+7 +1 1
+10 +1 1
+2 +2 1
+10 +1 1
+21 +4 1
+7 +1 1
+10 +1 1
+9 +2 1

fl=(46)
fn=(186)
0x8c530 49 1
+4 -49 1
+6 0 1
+2 0 1
+2 0 1
+7 0 1
+7 0 1
+2 0 1
+7 0 1
+7 0 1
+7 0 1
+4 0 1
+4 0 1

fl=(62) /build/buildd/eglibc-2.19/csu/libc-start.c
fn=(256) (below main)
0x21dd0 133 1
+2 * 1
+2 * 1
+2 * 1
+1 * 1
+3 * 1
+1 * 1
+7 +4 1
+7 -4 1
+5 * 1
+4 * 1
+5 +4 1
+3 * 1
+15 * 1
+7 +82 1
+3 -82 1
+2 +82 1
+2 +1 1
+2 * 1
+2 * 1
+3 * 1
cfi=(63)
cfn=(258)
calls=1 0x3c4c0 57 
* * 60
+5 +22 1
+7 * 1
+2 * 1
+3 * 1
+3 * 1
+3 * 1
+6 +3 1
+3 * 1
+2 +1 1
+7 * 1
+5 * 1
+4 * 1
+3 * 1
cob=(5)
cfi=(59)
cfn=(262) __libc_csu_init
calls=1 0x401a70 0 
* * 62885
+2 +4 1
+7 * 1
+6 * 1
+2 * 1
+6 +15 1
+3 * 1
+6 +9 1
+5 * 1
cfi=(80)
cfn=(340)
calls=1 0x36b20 30 
* * 29
+5 +1 1
+2 * 1
+2 +5 1
+9 * 1
+5 +1 1
+9 * 1
+5 +3 1
+5 * 1
+9 +3 1
+7 * 1
+5 * 1
+4 * 1
+3 * 1
+5 * 1
cob=(5)
cfi=(83) /home/gcastilhos/Desktop/HotSpot-6.0/modelo.c
cfn=(346) main
calls=1 0x40068d 16 
* * 412069
+9 137 1
+2 * 1

fl=(64) /build/buildd/eglibc-2.19/gmon/gmon.c
fn=(274) monstartup
0xfc550 104 1
+2 +23 1
+10 -23 1
+2 +10 1
+4 -10 1
+1 +10 1
+4 -10 1
+3 +9 1
+4 +2 1
+3 -11 1
+1 +11 1
+3 +1 1
+3 -12 1
+4 +11 1
+7 +12 1
+4 -11 1
+3 -3 1
+7 +1 1
+7 +13 1
+4 -11 1
+4 +1 1
+11 +10 1
+3 -3 1
+11 +2 1
+7 -10 1
+4 * 1
+7 +11 1
+4 +1 1
+4 * 1
+23 +6 1
+3 * 1
+5 -2 1
+7 +2 1
+3 * 1
cfi=(65)
cfn=(282) calloc
calls=1 0x83220 3161 
* * 60117
cob=(1)
cfi=(60)
cfn=(250)
calls=1 0x164e0 34 
* * 613
* * 5
+5 +1 1
+3 * 1
+6 +15 1
+3 -7 1
+3 -1 1
+7 +9 1
+3 -7 1
+7 +1 1
+3 +6 1
+3 -3 1
+8 -3 1
+7 +24 1
+5 -18 1
+2 +3 1
+3 * 1
+2 * 1
+5 * 1
+5 * 1
+4 * 1
+8 * 1
+4 * 1
+6 +18 1
+4 -1 1
+5 +1 1
+1 * 1
+1 * 1
+2 * 1
+2 -1 1
cfn=(312) moncontrol
calls=1 0xfc4f0 -90 
* * 195
+15 -41 1
+7 * 1
+25 +1 1
+4 -4 1
+7 * 1
+4 * 1

fn=(312)
0xfc4f0 81 1
+8 * 1
+2 -4 1
+4 +7 1
+2 * 1
+26 +12 1
+4 * 1
+2 -9 1
+6 * 1
+7 * 1
+7 * 1
+7 * 1
cfi=(75)
cfn=(314)
calls=1 0xfc910 -23 
* * 181
+5 +1 1
+11 * 1

fl=(84) /build/buildd/eglibc-2.19/gmon/../sysdeps/x86_64/_mcount.S
fn=(352) mcount
0xfd530 32 1
+4 +1 1
+4 +1 1
+5 +1 1
+5 +1 1
+5 +1 1
+5 +1 1
+5 +1 1
+5 +4 1
+5 +2 1
+4 +2 1
cfi=(85) /build/buildd/eglibc-2.19/gmon/mcount.c
cfn=(354) __mcount_internal
calls=1 0xfc770 +13 
* * 15
+5 +6 1
+5 +1 1
+5 +1 1
+5 +1 1
+5 +1 1
+5 +1 1
+5 +1 1
+4 +1 1
+4 +1 1

fl=(82)
fn=(344)
0x36ae0 29 1
+2 * 1
+2 -1 1
+1 * 1
+3 +1 1
+23 * 1
+3 +5 1
+2 * 1
+1 * 1

fl=(85)
fn=(354)
0xfc770 60 1
+1 +12 1
+2 * 1
+5 -12 1
+3 +12 1
+9 * 1
+3 * 1
+8 * 1
+3 * 1
+6 +9 1
+7 +1 1
+7 * 1
0xfc870 +87 1
+11 +5 1
+1 * 1

fl=(65)
fn=(300) _int_malloc
0x7fc80 3302 1
+2 * 1
+2 * 1
+2 * 1
+2 * 1
+1 * 1
+1 * 1
+7 +30 1
+4 -30 1
+5 +30 1
+6 * 1
+3 * 1
+5 * 1
+3 * 1
+4 * 1
+3 * 1
+4 * 1
+4 * 1
+4 +8 1
+7 * 1
0x7fd39 +37 1
+7 * 1
0x7fdaa 3806 1
+7 * 1
+3 * 1
+1 * 1
+1 * 1
+2 * 1
+2 * 1
+2 * 1
+2 * 1
+1 3421 1
+3 * 1
+4 * 1
+4 * 1
+6 * 1
+3 * 1
+4 * 1
+4 * 1
+6 * 1
+4 +1 1
+4 * 1
+2 +1 1
+3 * 1
+5 * 1
cfn=(302) malloc_consolidate
calls=1 0x7e7c0 4104 
* * 793
+5 * 1
+5 3790 1
+2 4992 1
+9 * 1
+4 3790 1
+3 * 1
+3 * 1
+4 +2 1
+3 * 1
+4 * 1
+5 * 1
+3 * 1
+4 * 1
+3 * 1
+4 * 1
+5 * 1
+3 * 1
+4 * 1
+3 * 1
+4 * 1
+5 * 1
+3 * 1
+4 * 1
+3 * 1
+4 * 1
+5 * 1
+3 * 1
+4 * 1
+3 * 1
+4 * 1
+5 * 1
+3 * 1
+7 4990 1
+8 +2 1
+5 -2 1
+5 * 1
+8 * 1
+5 3442 1
+6 * 1
+73 * 1
+4 * 1
+3 * 1
0x80187 3576 1
+7 * 1
+6 +73 1
+4 +1 1
+5 +1 1
+2 -1 1
+5 +1 1
+3 +1 1
+2 * 1
+7 +1 1
+5 * 1
+2 +5 1
+2 * 1
+4 * 1
+2 * 1
+3 * 1
+3 * 1
+6 +4 1
+3 * 1
+3 * 1
+87 3765 1
+4 +3 1
+4 -2 1
+4 * 1
+3 * 1
+4 +2 1
+3 * 1
+6 +17 1
+4 * 1
0x80357 3578 1
+5 * 1
+5 +3 1
+4 * 1
+3 * 1
0x80600 5000 1
+5 2271 1
+7 * 1
+4 * 1
+5 * 1
+4 +11 1
+7 -11 1
+5 +11 1
+75 +87 1
+3 -9 1
+4 +9 1
+46 +9 1
+7 * 1
+3 * 1
0x80732 2700 1
+7 * 1
+2 +1 1
+7 +5 1
+4 * 1
+4 +3 1
+5 * 1
+6 +5 1
+7 -3 1
+3 +3 1
+2 -2 1
+4 +5 1
+4 -3 1
+3 * 1
+3 * 1
+4 +1 1
+4 -1 1
+4 -1 1
+4 +1 1
+3 * 1
+4 +1 1
+4 3801 1
+3 * 1
+6 1862 1
+6 * 1
+2 * 1
+21 2272 1
+3 * 1
0x808c7 2433 1
+7 +19 1
+5 * 1
+5 -19 1
+5 +9 1
+6 +10 1
+3 * 1
+3 -10 1
+3 +10 1
+5 -10 1
+3 * 1
+3 * 1
+4 +10 1
+3 * 1
+4 * 1
+3 +8 1
+3 -8 1
+3 +8 1
+6 +2 1
+7 * 1
+5 * 1
+3 * 1
cfi=(71)
cfn=(304)
calls=1 0x85090 46 
* * 62
+2 * 1
+3 * 1
+6 +4 1
+5 * 1
+5 * 1
+3 * 1
+3 * 1
+2 +3 1
+7 * 1
+3 +1 1
+3 * 1
+24 +19 1
+2 +27 1
+8 * 1
+2 +1 1
+7 +1 1
+3 * 1
+7 +6 1
+3 -6 1
+7 +6 1
0x809ed +3 1
+7 * 1
+6 * 1
+3 * 1
+3 * 1
+3 * 1
+26 +42 1
+3 * 1
+3 * 1
+18 +19 1
+3 +3 1
+4 * 1
+3 +1 1
+3 * 1
+3 * 1
+5 * 1
+3 * 1
+5 * 1
+3 +2 1
+3 -2 1
+3 +2 1
+6 +1 1
+7 * 1
+3 * 1
+5 * 1
cfi=(71)
cfn=(304)
calls=1 0x85090 46 
* * 26
+2 +12 1
+3 * 1
+5 * 1
+6 +8 1
+7 * 1
+3 +1 1
+3 * 1
+6 * 1
+7 +39 1
+3 +1 1
+4 -2 1
+7 +1 1
+3 * 1
+3 * 1
+4 +12 1
+3 -12 1
+4 +1 1
+7 +11 1
+78 2527 1
+2 * 1
0x80bbb +42 1
+3 * 1
+2 * 1
0x80c68 2369 1
+3 * 1

fn=(302)
0x7e7c0 4104 1
+2 * 1
+3 * 1
+2 * 1
+2 * 1
+2 * 1
+1 * 1
+1 * 1
+4 +22 1
+8 * 1
0x7ead6 4996 1
+4 4126 1
+5 * 1
+3 * 1
+6 1785 1
+3 +3 1
+4 * 1
+4 * 1
+4 -3 1
+6 * 1
-21 * 126
+3 +3 126
+4 * 126
+4 * 126
+4 -3 126
+6 * 126
+2 +7 1
+7 * 1
+3 * 1
+13 +5 1
+3 +2 1
+4 -2 1
+4 4199 1
+4 * 1
+1 * 1
+1 * 1
+2 * 1
+2 * 1
+2 * 1
+2 * 1
0x7ec93 1796 1
+11 * 1
+6 * 1

fn=(282)
0x83220 3161 1
+2 +13 1
+3 * 1
+5 * 1
+3 -13 1
+2 +10 1
+3 * 1
+4 -10 1
+1 * 1
+1 * 1
+4 +13 1
+3 * 1
+6 +10 1
+7 * 1
+3 +1 1
+3 * 1
0x83405 3294 1
+4 * 1
+1 * 1
+1 * 1
+2 * 1
+2 -25 1
cfi=(74)
cfn=(310)
calls=1 0x8c5c0 53 
* * 1059
0x834a4 -81 1
+5 * 1
+3 * 1
cfi=(66)
cfn=(284)
calls=1 0x83bf0 30 
* * 59027
+2 +1 1
+3 * 1
+6 +3 1
+3 * 1
+2 * 1
+3 * 1

fn=(298)
0x82750 2876 1
+1 * 1
+3 * 1
+1 * 1
+4 +5 1
+7 * 1
+3 +1 1
+3 * 1
+6 +3 1
+7 * 1
+4 +2 1
+3 * 1
+6 * 1
+5 * 1
+2 * 1
+7 * 1
+14 * 1
+3 * 1
+6 +4 1
+3 * 1
+3 * 1
cfn=(300)
calls=1 0x7fc80 3302 
* * 1136
+5 +1 1
+3 -1 1
+3 +1 1
+2 +11 1
+7 * 1
+13 * 1
+2 * 1
+6 +1 1
+4 * 1
+2 * 1
+2 * 1
+2 * 1
+7 * 1
+2 * 1
+3 * 1
+6 +3 1
+4 * 1
+3 * 1
+1 * 1
+1 * 1

fl=(55)
fn=(228)
0x30100 31 1
+7 * 1
+7 * 1
+4 * 1
+3 * 1
+4 +2 1
+4 -2 1
+7 * 1
+4 +2 1
+7 * 1
+7 * 1
+4 +2 1
+4 * 1
+7 * 1
+7 * 1
+4 * 1

fl=(53)
fn=(224)
0xfa300 30 1
+1 * 1
+1 * 1
+3 * 1
+4 +1 1
+3 * 1
+2 * 1
+3 * 1
+3 * 1
+2 +2 1
+5 * 1
+3 * 1
cfi=(54)
cfn=(226)
calls=1 0x8a7c0 -9 
* * 24
+5 +4 1
+4 * 1
+3 * 1
+7 * 1
+4 * 1
+3 +1 1
+7 * 1
+3 * 1
+3 +2 1
+4 * 1
+1 * 1
+1 * 1

fl=(76)
fn=(316)
0x36f60 37 1
+3 * 1
+3 * 1
+2 +6 1
cfi=(77)
cfn=(318)
calls=1 0x36d50 +6 
* * 104

ob=(5)
fl=(83)
fn=(346)
0x40068d 16 1
+1 * 1
+3 * 1
+4 * 1
cob=(3)
cfi=(84)
cfn=(352)
calls=1 0xfd530 +16 
* * 35
cob=(1)
cfi=(60)
cfn=(250)
calls=1 0x164e0 +18 
* * 766
* * 5
+5 * 1
+3 * 1
+4 +8 1
+7 * 1
+5 +2 15
+7 * 15
+5 +3 133
+3 * 133
+2 * 133
+2 * 133
+2 * 133
+2 * 133
+3 * 133
+2 * 133
+3 +2 133
+4 * 133
+2 +1 133
+4 * 133
+2 * 15
+7 * 15
+2 +1 118
+4 * 118
+2 * 15
+7 * 15
+2 +1 103
+7 * 103
+84 +13 133
+7 * 133
+5 +2 2641
+4 * 2641
+6 * 2641
+3 * 2641
+8 * 2641
+2 +5 300
+3 * 300
+3 * 300
+2 * 300
+3 * 300
+3 * 300
+3 * 300
+3 * 300
+3 * 300
+3 * 300
+4 * 300
+3 * 300
+3 * 300
+7 * 300
+3 * 300
+3 * 300
+3 * 300
+3 * 300
+4 * 300
+3 * 300
+4 * 300
+7 * 300
+3 * 300
+6 * 300
+2 * 300
+3 * 300
+3 * 300
+3 * 300
+3 * 300
+3 * 300
+3 * 300
+4 * 300
+3 * 300
+3 * 300
+7 * 300
+3 * 300
+3 * 300
+3 * 300
+3 * 300
+4 * 300
+3 * 300
+4 * 300
+7 * 300
+3 * 300
+6 * 300
+2 * 300
+3 * 300
+3 * 300
+3 * 300
+3 * 300
+4 * 300
+3 * 300
+4 * 300
+6 * 300
+2 * 300
+3 * 300
+3 * 300
+3 * 300
+3 * 300
+4 * 300
+3 * 300
+4 * 300
+7 * 300
+3 * 300
+6 * 300
+2 * 300
+2 * 300
+3 * 300
+3 * 300
+3 * 300
+4 * 300
+3 * 300
+4 * 300
+6 * 300
+2 * 300
+3 * 300
+3 * 300
+3 * 300
+3 * 300
+4 * 300
+3 * 300
+4 * 300
+7 * 300
+3 * 300
+6 * 300
+2 * 300
+2 * 300
+4 * 300
+3 * 300
+3 * 300
+2 * 300
+3 * 300
+3 * 300
+3 * 300
+3 * 300
+3 * 300
+4 * 300
+3 * 300
+3 * 300
+9 * 300
+4 * 300
+3 * 300
+3 * 300
+3 * 300
+3 * 300
+4 * 300
+3 * 300
+3 * 300
+9 +5 300
+5 +4 300
+3 * 300
+3 * 300
+2 * 300
+3 * 300
+3 * 300
+3 * 300
+3 * 300
+3 * 300
+3 * 300
+3 * 300
+4 * 300
+3 * 300
+3 * 300
+7 * 300
+3 * 300
+3 * 300
+3 * 300
+3 * 300
+4 * 300
+3 * 300
+4 * 300
+7 * 300
+3 * 300
+6 * 300
+2 * 300
+3 * 300
+3 * 300
+3 * 300
+3 * 300
+3 * 300
+4 * 300
+3 * 300
+3 * 300
+7 * 300
+3 * 300
+3 * 300
+3 * 300
+3 * 300
+4 * 300
+3 * 300
+4 * 300
+7 * 300
+3 * 300
+6 * 300
+2 * 300
+3 * 300
+3 * 300
+3 * 300
+3 * 300
+3 * 300
+3 * 300
+3 * 300
+4 * 300
+3 * 300
+3 * 300
+7 * 300
+3 * 300
+3 * 300
+3 * 300
+3 * 300
+4 * 300
+3 * 300
+4 * 300
+7 * 300
+3 * 300
+6 * 300
+2 * 300
+2 * 300
+3 * 300
+3 * 300
+3 * 300
+3 * 300
+3 * 300
+3 * 300
+4 * 300
+3 * 300
+3 * 300
+7 * 300
+3 * 300
+3 * 300
+3 * 300
+3 * 300
+4 * 300
+3 * 300
+4 * 300
+7 * 300
+3 * 300
+6 * 300
+2 * 300
+2 * 300
+4 * 300
+3 * 300
+3 * 300
+2 * 300
+3 * 300
+3 * 300
+3 * 300
+3 * 300
+3 * 300
+4 * 300
+3 * 300
+3 * 300
+9 * 300
+4 * 300
+3 * 300
+3 * 300
+3 * 300
+3 * 300
+4 * 300
+3 * 300
+3 * 300
+9 +5 300
+5 +4 2041
+3 * 2041
+3 * 2041
+2 * 2041
+3 * 2041
+3 * 2041
+3 * 2041
+3 * 2041
+3 * 2041
+3 * 2041
+3 * 2041
+4 * 2041
+3 * 2041
+3 * 2041
+7 * 2041
+3 * 2041
+3 * 2041
+3 * 2041
+3 * 2041
+4 * 2041
+3 * 2041
+4 * 2041
+7 * 2041
+3 * 2041
+6 * 2041
+2 * 2041
+3 * 2041
+3 * 2041
+3 * 2041
+3 * 2041
+3 * 2041
+4 * 2041
+3 * 2041
+3 * 2041
+7 * 2041
+3 * 2041
+3 * 2041
+3 * 2041
+3 * 2041
+4 * 2041
+3 * 2041
+4 * 2041
+7 * 2041
+3 * 2041
+6 * 2041
+2 * 2041
+3 * 2041
+3 * 2041
+3 * 2041
+3 * 2041
+3 * 2041
+3 * 2041
+3 * 2041
+4 * 2041
+3 * 2041
+3 * 2041
+7 * 2041
+3 * 2041
+3 * 2041
+3 * 2041
+3 * 2041
+4 * 2041
+3 * 2041
+4 * 2041
+7 * 2041
+3 * 2041
+6 * 2041
+2 * 2041
+2 * 2041
+3 * 2041
+3 * 2041
+3 * 2041
+3 * 2041
+3 * 2041
+3 * 2041
+4 * 2041
+3 * 2041
+3 * 2041
+7 * 2041
+3 * 2041
+3 * 2041
+3 * 2041
+3 * 2041
+4 * 2041
+3 * 2041
+4 * 2041
+7 * 2041
+3 * 2041
+6 * 2041
+2 * 2041
+2 * 2041
+3 * 2041
+3 * 2041
+3 * 2041
+3 * 2041
+3 * 2041
+3 * 2041
+4 * 2041
+3 * 2041
+3 * 2041
+7 * 2041
+3 * 2041
+3 * 2041
+3 * 2041
+3 * 2041
+4 * 2041
+3 * 2041
+4 * 2041
+7 * 2041
+3 * 2041
+6 * 2041
+2 * 2041
+2 * 2041
+3 * 2041
+3 * 2041
+3 * 2041
+3 * 2041
+3 * 2041
+3 * 2041
+4 * 2041
+3 * 2040
+3 * 2040
+7 * 2040
+3 * 2040
+3 * 2040
+3 * 2040
+3 * 2040
+4 * 2040
+3 * 2040
+4 * 2040
+7 * 2040
+3 * 2040
+6 * 2040
+2 * 2040
+2 * 2040
+4 * 2040
+3 * 2040
+3 * 2040
+2 * 2040
+3 * 2040
+3 * 2040
+3 * 2040
+3 * 2040
+3 * 2040
+4 * 2040
+3 * 2040
+3 * 2040
+9 * 2040
+4 * 2040
+3 * 2040
+3 * 2040
+3 * 2040
+3 * 2040
+4 * 2040
+3 * 2040
+3 * 2040
+9 +5 2040
0x40198f -30 2640
+4 * 2640
+4 * 2640
-4 * 133
+4 * 133
+6 -21 132
+4 * 132
+4 * 132
-4 * 15
+4 * 15
+6 -2 14
+4 * 14
+4 * 14
-4 * 1
+4 * 1

fl=(59)
fn=(262)
0x401a70 0 1
+2 0 1
+3 0 1
+2 0 1
+3 0 1
+2 0 1
+3 0 1
+2 0 1
+7 0 1
+1 0 1
+7 0 1
+1 0 1
+3 0 1
+2 0 1
+4 0 1
+4 0 1
cob=(2)
cfi=(14)
cfn=(264)
calls=1 0x4004c0 0 
* 0 62836
+5 0 1
+3 0 1
+2 0 1
+8 0 1
+3 0 1
+3 0 1
+3 0 1
cfn=(332) 0x0000000000400660
calls=1 0x400660 0 
* 0 15
+4 0 1
+4 0 1
+3 0 1
+2 0 1
+4 0 1
+1 0 1
+1 0 1
+2 0 1
+2 0 1
+2 0 1
+2 0 1

fn=(268)
0x400590 0 1
+6 0 1
+2 0 1
+8 0 1
+4 0 1
+5 0 1
+5 0 1
+10 0 1
cob=(3)
cfi=(64)
cfn=(274)
calls=1 0xfc550 104 
* 0 60998
cob=(1)
cfi=(60)
cfn=(250)
calls=1 0x164e0 34 
* 0 873
* 0 5
+5 0 1
+5 0 1
+4 0 1
cfn=(324) atexit
calls=1 0x401af0 0 
* 0 942

fn=(324)
0x401af0 0 1
+7 0 1
+3 0 1
+2 0 1
+3 0 1
+2 0 1
cob=(3)
cfi=(63)
cfn=(258)
calls=1 0x3c4c0 57 
* 0 66
cob=(1)
cfi=(60)
cfn=(250)
calls=1 0x164e0 34 
* 0 865
* 0 5

fn=(332)
0x400600 0 1
+5 0 1
+1 0 1
+6 0 1
+4 0 1
+3 0 1
+3 0 1
+4 0 1
+3 0 1
+3 0 1
+2 0 1
+1 0 1
+61 0 1
+8 0 1
+32 0 1

fn=(242)
0x400560 0 1
+2 0 1
+3 0 1
+1 0 1
+3 0 1
+4 0 1
+1 0 1
+1 0 1
+7 0 1
+7 0 1
+7 0 1
cob=(3)
cfi=(62)
cfn=(256)
calls=1 0x21dd0 133 
* 0 475101
cob=(1)
cfi=(60)
cfn=(250)
calls=1 0x164e0 34 
* 0 932
* 0 5

totals: 576232
